1.443557209969436808e-15 3.270535443373205147e-16 4.811160395242446335e-16 -2.736465239523441377e-15 2.360591426185214113e-16 -8.916549302303565580e-16 2.922986225332702464e-16 5.001130780156007630e-16 -4.594745285607567285e-16 -1.062006770476594126e-15 4.681757516939943099e-16 -9.639978905354347007e-17 5.480559314812478871e-16 -7.956314979529851320e-17 -2.683578543784389681e-16 -1.249819388743937382e-15 3.371881047998598091e-17 3.066541785990058600e-16 2.644226000418137109e-16 1.239112371952287168e-16 4.524643611723162456e-17 -7.959835143354207058e-16 9.759535345291770137e-16 1.355163786434202404e-17 -8.310281839119818613e-17 -1.391208602254316405e-15 -9.865000296925889426e-16 -8.986857234426264581e-16 1.145456772734020980e-15 2.983020516567601623e-16 -7.798635482174321806e-16 9.538285078928389269e-18 -6.606102712760415316e-16 -6.196455184059102518e-16 -6.227206042890271572e-16 1.081225020670016943e-16 -2.204574079534171622e-15 -1.028888950401445233e-15 -2.978267902624972488e-16 -1.138459999222430371e-16 3.617483273380399108e-15 -3.796572263837741417e-16 -1.686812013740616202e-17 -8.944665594367260446e-16 -2.299825632286823295e-16 1.269639068887125944e-15 -6.450778418440809086e-16 -1.518199954855791598e-16 -8.315605059641083077e-17 -4.890541324171603106e-16 4.268004199768795977e-16 -6.723738517164510025e-16 1.833426835402201149e-16 -3.427693351912076460e-18 2.230457473648437433e-16 -9.631660233316900618e-18 1.488135995663919922e-16 1.321956863770610888e-17 1.437465045860914938e-16 -2.615338355674898030e-16 -1.425951769048767711e-16 2.927757826130077431e-16 -1.811259542733006541e-16 -9.582786190435504793e-18 3.782827478628930301e-17 4.800803804462841498e-17 -3.445667047671593446e-17 1.679655044919364061e-17 -9.540108927096816267e-18 5.786459348894405157e-17 -1.692285075789447021e-14 6.962875573281265763e-17 -2.136008798487012896e-15 7.133398476650663823e-16 1.968387979296923667e-16 1.494437505827773874e-16 -4.617230534142512994e-17 9.713108632546999173e-16 -5.337017077936186270e-16 5.681567859075261289e-16 3.796975528375735039e-15 -6.931363639633919256e-16 1.137005528581613821e-15 -5.538212419694863746e-16 1.313203939402689314e-15 -5.379716192385242998e-17 2.332331487078512313e-15 -5.735984327426549737e-16 6.810437197541982532e-17 -7.076238927563820011e-16 -7.327419959297518834e-15 2.278376324025927598e-15 -1.966424846351450892e-15 1.392326221861841480e-15 -1.886792088246032026e-16 1.762095092059098021e-15 -2.980985697011796009e-15 -2.823774309575946261e-17
3.270535443373205147e-16 7.450812285124998301e-14 -5.239899269389572668e-16 4.340350809202321766e-16 2.577027728945590570e-16 -6.395828404850345916e-15 -6.116696569763579967e-15 -7.604801098940470502e-15 -5.295449186527336714e-16 -5.371963670860150618e-16 1.520353051104976389e-15 -4.047505903178206321e-15 3.464175159244515308e-14 -3.885557089039716962e-15 -2.900949560817496570e-15 -1.545219758857485785e-15 3.049322168052233026e-15 9.380294440809599675e-16 -1.161470860494492292e-15 -7.086817618921231021e-15 9.281374404565439779e-16 4.927243094437373561e-16 3.445192807887817595e-15 2.807174229336214021e-15 1.852300250243731295e-15 -6.031170439417343849e-16 2.135134925328502928e-15 2.743952299623641884e-15 7.408838240192768049e-16 -3.048973395296937600e-15 -3.271205777057389405e-16 1.861911301564141993e-16 -4.364121530167491070e-15 9.147277902823871372e-16 4.383754316801867763e-16 -1.837444074727256263e-15 1.656344778113594884e-14 4.198446877142180420e-17 2.749968435423462388e-15 1.563182998972193416e-16 1.291887875986409034e-14 -2.603897262109862202e-15 3.600702256003217984e-15 -1.106759338883098345e-16 1.550790444583598164e-16 1.026682762079340796e-14 4.931653163415847987e-15 -2.420910620898796417e-14 3.807545387589124476e-15 -3.465395070356059436e-15 2.975835384038286553e-15 2.081016760615521572e-15 -2.535901365828335307e-15 -4.636784186337317255e-16 7.049109218259772860e-15 5.018579219618468197e-17 2.329842840834018647e-16 -5.660298040364554715e-17 1.199266488387636843e-15 7.284938203527511180e-16 -9.314314506955348057e-17 8.257952411110070443e-16 9.386914790639637851e-17 -7.266079559801465215e-16 1.220392956684705605e-16 2.412730839810589475e-16 4.286792855924194915e-17 1.293489881560356924e-16 -1.175134425764456082e-16 -4.920796250702708118e-16 -2.693931517999966333e-15 1.836837782782002578e-16 1.076726768783720920e-14 2.304111281936459196e-14 -3.895190334084089923e-15 -1.109937426415730049e-14 -6.378625356457781468e-14 -1.035194357416774221e-13 5.188286511939947391e-15 3.382752520651742615e-15 -7.055668630207187983e-15 -5.300971618392280507e-15 3.241329883353989436e-15 1.206795078868989713e-15 4.157869189841528102e-15 -5.017251337846892298e-15 -1.443751476069860429e-15 -1.653967618348478327e-14 -5.089061290536120590e-15 -1.039635567749500057e-14 -1.524030377658073809e-14 -2.738822602320678077e-14 1.968537361990298004e-16 5.960204980867772227e-15 6.361399591574321882e-16 -7.864067336180520578e-15 -4.210958191088314503e-15 -6.317090449040046388e-15
4.811160395242446335e-16 -5.239899269389572668e-16 8.025413094182771477e-15 5.302957307631521633e-16 -8.473790211934672491e-17 1.396990549690863502e-15 -1.765484387459943264e-15 9.143459920970814919e-17 -9.785568779810787763e-16 -1.194534006162820787e-15 1.839337843062729805e-16 -1.096378291141039367e-15 5.190815194020573457e-15 -2.793324192346420845e-15 -2.522883139141918042e-15 -1.516476873819134697e-15 -9.901465224376210817e-17 1.429627263594094481e-15 -1.967490081622248160e-16 -1.684633175885995314e-16 7.990874890148213874e-16 -5.643214997044277160e-16 4.007608535567024760e-16 9.881825683837363654e-16 1.317146569751499291e-15 -3.501234620644489355e-15 7.321792788648324399e-16 -4.978113609502290584e-16 4.498299721817463540e-15 -1.103683521429132342e-15 -8.414469522969317734e-16 -3.610896730732359591e-16 -6.126559675699235225e-15 6.319853144648214342e-15 -1.471449992607041798e-15 4.365888331569626456e-16 -3.834078275808495346e-15 -2.783459989915425605e-16 6.080220324377698164e-16 6.797535011215708436e-17 5.477403535142157839e-15 3.316253607571714003e-16 -4.277125638569355034e-16 -2.097213312212414751e-16 2.742684075300547706e-16 3.756192815808100621e-16 -2.872100125135935176e-15 -1.504652738990303405e-15 -6.140834390241909752e-16 1.727496984229038859e-15 -3.338111295463723093e-15 1.573417628379196197e-15 5.594067099453530937e-16 -1.674028535487930857e-16 6.074424753076858619e-15 -2.384989612220963330e-16 -3.531567422843591015e-16 -2.301510968653032747e-16 2.087447390704161457e-16 -3.401142661626662344e-16 -4.511006832759060825e-16 1.273945809014032818e-15 -5.066020019401858669e-16 -1.005153089084568245e-16 -1.641436864758185021e-16 1.755813240612420317e-16 3.441308892597682235e-17 3.961891518530369312e-17 -3.304585603286096613e-17 -1.963149825520372532e-16 -1.297098399029088464e-14 -3.550337492986004734e-17 -1.198533936372619211e-15 1.397596588420527208e-15 2.809627281616468250e-15 -6.090772066663852789e-16 -7.694783888651694780e-15 -1.081444208353948979e-14 -4.723152171498386706e-15 1.501539782926660922e-15 6.503755673596508955e-15 -8.277103905218461049e-16 -9.981005279131277293e-16 -1.220951736545594201e-15 2.812094872595290962e-16 1.586209728248603009e-15 7.559736857151950058e-15 -1.100438645992273696e-14 -2.411851864019632652e-16 2.077764305284059422e-15 -1.596130901933589587e-14 -6.600479909700855599e-15 2.514619202847142158e-15 -2.888014075533889840e-15 2.580672637814373473e-17 1.420705530664617385e-14 -1.499934162868098925e-14 1.321980118083960611e-15
-2.736465239523441377e-15 4.340350809202321766e-16 5.302957307631521633e-16 8.367699211675498767e-14 -5.070508633062217499e-15 1.915901066879834432e-14 -9.038571070381719012e-15 -2.829316580594364307e-15 -2.907685750351202154e-15 3.101814533536416679e-15 -2.423348038027365528e-15 1.171171375091746305e-15 5.405952305363614975e-15 -1.008142786017288341e-14 -3.960851363108985444e-15 2.372741854957807417e-15 2.333789653734011631e-15 -2.385359305232866906e-15 -6.892756215681827370e-16 1.662641209691995879e-15 -7.790814288264074594e-16 -3.616875351669998581e-15 -3.097021531539371440e-15 2.383053358161032431e-15 1.401973698992393789e-15 1.796894547993387794e-15 3.662176614213450949e-15 6.013826165082309789e-15 -5.059910752304405960e-15 -1.268394780311149633e-15 6.300713062353938087e-15 8.922593391200232977e-18 2.479583176353454742e-15 1.050207339493500029e-14 -5.235665147786619023e-15 2.854665632743799333e-15 -5.562075455462942311e-16 3.838622418252429733e-15 7.661139461621090800e-17 5.828186372103230979e-16 -2.220805362320869269e-14 2.250753739920532772e-15 1.193242858241931291e-15 3.529960905236134969e-15 7.118269084959222365e-16 -1.506079306795990016e-14 2.000568603363975393e-14 -1.905455457420952226e-15 -5.439425979563987162e-15 -6.953050719755664846e-15 -6.489164406663929234e-15 6.660959567785734637e-15 1.691916353587961713e-16 -1.147364526162650758e-15 2.339289008255164688e-15 6.960974727191558860e-16 -4.780265838323718924e-16 -3.689346768899999511e-16 2.586319907266633255e-16 1.854760040560614436e-15 -6.270625540063129490e-16 8.450925568924189611e-16 -1.311706784385951103e-17 -5.979617099623340073e-16 -4.914200231534137855e-16 -3.980517060563936327e-16 3.245392866463069302e-16 1.951327647400962078e-17 -4.893150710439530384e-17 -2.309781438185590702e-15 -3.126651677903720598e-14 1.420401993634198673e-17 1.284806895678851642e-14 -3.276376269081439006e-15 1.077560377026998796e-14 -3.191142887828338005e-15 -1.687601067832055788e-14 3.478631661440438697e-15 8.266494568945648661e-15 1.686449743184931900e-15 -7.270137313558467382e-14 3.803836184587591994e-15 -1.299933144339065699e-14 4.245574067289045713e-15 -1.316379578531590390e-14 9.142435943772130362e-15 1.945007028342179943e-14 -2.854320128395783054e-14 6.371052355340806476e-15 5.892211063404046782e-16 3.961667536905233500e-14 -2.673783795093908309e-14 1.469336777751672382e-14 -2.972585152721223869e-14 1.576732662102389450e-15 1.621306169561079578e-14 2.014074873148880218e-15 -5.665576809036464619e-15
2.360591426185214113e-16 2.577027728945590570e-16 -8.473790211934672491e-17 -5.070508633062217499e-15 2.056542280037593235e-15 -2.585477408605208753e-16 2.100435231650784618e-16 -3.574554303970326374e-16 3.084406409510511726e-16 -7.419710196409530095e-17 7.728315082602017878e-16 -3.627477586087505963e-16 7.257587747203289962e-16 7.639865781303773349e-17 -1.826910924751472498e-16 -2.883018999891446073e-17 -2.340734658733063377e-16 2.907259255868080751e-16 -6.931590042252171194e-17 -3.830745834768947706e-16 2.757858904688481797e-16 -1.590305828149405741e-16 1.915472246330349558e-16 -9.890059060719891676e-17 -4.576079359686538741e-16 -1.851060626182182844e-16 -2.959173149120667839e-16 -3.529620948189724710e-17 -9.627469205875641888e-16 2.930760073759026769e-17 1.156176938901847324e-17 3.186816730214715001e-17 2.947378548729121856e-15 -3.154872373806404019e-18 2.433828319415375632e-16 -7.300893845787314624e-19 -6.119249803371698818e-16 -6.825880305516977863e-17 2.283960276457073907e-16 1.072962241067806264e-16 -7.490967330721075476e-16 -4.696265539022144885e-16 -1.268399232639947723e-16 -1.362133733131979621e-16 -2.295626545266194528e-16 4.559820379508865593e-16 -4.537748850821616591e-17 7.852688629822415636e-16 -2.473180406850332529e-16 4.509801641256844095e-16 -2.729377895891287072e-16 5.153596807508830852e-16 -4.267355245423330246e-18 -4.325094430209978877e-17 4.045691332124740278e-15 3.447992189853132337e-17 1.088703432148035995e-16 7.415802887760088028e-17 7.304523116967499708e-17 -8.355675459632510925e-17 -8.749283990912780201e-18 -2.343046386712591920e-16 8.428055482063787631e-17 5.775859537553361734e-17 -2.514319524739525217e-17 3.298718225365045173e-17 -1.279767023448438979e-17 1.046148257660359875e-19 -1.011616725549267974e-18 1.059688991079428042e-17 -5.722854243986254346e-17 1.058311741764388626e-17 -1.013653032055095722e-15 -1.656363193986987745e-16 3.877946611185409995e-16 2.407611943062543943e-16 1.267978948921625110e-15 -4.377272998391692161e-15 5.253159932616794764e-16 -1.617277279952740989e-16 2.102530788102165657e-15 -1.310450354545426358e-15 1.360789979563546704e-15 -7.518820265049502127e-16 3.532947106919120771e-16 -3.456922920210339274e-17 -1.665608814332087818e-16 1.196342481528501798e-15 -1.551198949462481256e-15 3.065945321223546740e-16 5.841697561678413485e-16 -1.534826231862116050e-15 3.625646976361867190e-15 4.747900453656568120e-16 9.172625029309413092e-17 2.771389293024637390e-17 -8.383599339829773394e-16 -1.658485147412084550e-16
-8.916549302303565580e-16 -6.395828404850345916e-15 1.396990549690863502e-15 1.915901066879834432e-14 -2.585477408605208753e-16 3.616896255859124851e-14 -9.474850776603812185e-15 -2.242108007067551308e-16 -9.554239011734634724e-16 -2.495684044242470302e-15 1.130506588378251001e-15 8.085588987982354613e-16 3.543732988801415738e-15 -7.352011136190066016e-15 -3.103720938109317053e-15 1.054297779545674296e-15 2.196924200636151085e-15 -6.605365045096533492e-16 -5.457586524774466279e-16 3.952846948705686020e-15 3.305370095901986309e-16 -6.028921754643138887e-15 2.272567742222681253e-15 6.117283553407020070e-16 4.520089906760290522e-16 4.752020206284816394e-15 -1.675394062787302799e-15 2.854695898633345784e-15 -5.191569982471549408e-15 3.831045397812475635e-16 3.636562261139962835e-15 -4.760803001810943803e-17 3.174029030660341070e-15 2.964846910141837794e-15 -2.415571318587605767e-15 2.438182480774441768e-15 -1.333261992014067294e-14 1.176933816517087476e-15 -1.420280048727250501e-15 3.682340222303636306e-16 -2.094773782024768523e-14 -3.114410772827693919e-15 -2.130689752652040281e-15 1.276977127195883885e-15 7.926154220589952836e-16 -1.807049453152281224e-15 4.804450294630455888e-15 1.218249702349766055e-15 -2.404070329837485161e-15 -1.056313639971976664e-16 -4.882774333107814832e-15 8.693660339975692911e-15 2.485316943718435191e-15 -6.685623521785655405e-16 1.121638802384329442e-14 5.868089275372280814e-16 -1.384305477981779474e-16 -1.224476013916770626e-16 2.889941377343271213e-16 5.825440966816506334e-16 -1.481835392254684104e-16 3.340842079702654057e-16 -9.139416263940136774e-17 -2.604656299839492006e-17 -2.237328737387972030e-16 -1.491601838433901940e-16 2.289253510499841728e-16 1.063410208423353278e-16 2.676312808051524000e-17 -1.228452031949010932e-15 -5.229120412422444622e-14 -6.311861893489877091e-17 9.630050619476071175e-15 -1.118621001774745658e-14 2.973804072711353173e-15 -9.474983739141352175e-17 -3.132831479451080011e-15 1.878206083937483522e-14 4.946134860756657711e-15 1.629757001059570977e-15 -2.457541908755011421e-14 8.885653225658026496e-16 -6.316053711832142738e-15 2.074515443230046656e-15 -4.824813572179340811e-15 2.222309101200511185e-15 4.546933999324040847e-15 -1.628351766777428300e-14 -1.356492628049123315e-15 9.558858875044794962e-15 1.874116613744006343e-14 -1.106333221445710065e-14 1.386176481166586575e-14 -1.359203126329395721e-14 7.350776360157035157e-16 9.426030267627370471e-15 -2.213415777339817961e-14 3.058551717935338075e-15
2.922986225332702464e-16 -6.116696569763579967e-15 -1.765484387459943264e-15 -9.038571070381719012e-15 2.100435231650784618e-16 -9.474850776603812185e-15 1.150368062758519252e-14 1.351722437476197658e-15 7.734425478975436293e-16 2.295807302828009369e-15 -1.431384811947586268e-15 1.331359469148894518e-15 -4.653794977477062021e-15 2.015057304264964792e-15 1.415476583733245877e-15 -2.599443874596214529e-16 -2.290520288401417493e-15 -2.440195227862200419e-16 4.530459838494384504e-16 5.309195127249404784e-16 -3.907682236056272740e-16 8.230961278844559087e-16 -1.953848301357641448e-16 -1.381664087189140590e-15 -1.503030247893130454e-15 -2.027610894094939946e-15 -5.904330027865927363e-16 -1.509939192548468586e-15 -1.790443361879904591e-16 1.144497949232316987e-15 -9.743973799614559557e-16 1.673397790837302575e-16 1.264273813980936402e-16 -4.799743007945368011e-15 5.397870590733048583e-16 4.133995373145170156e-16 -3.570553093350956332e-15 -7.458530304124307078e-16 -9.862886540488100039e-16 -6.276555624370079158e-17 4.557755819012896864e-15 2.380391999383922951e-15 -1.715248737410345412e-15 -5.978266691938898637e-16 -1.539534879318283318e-16 2.283297237879155690e-16 -4.080021924712823106e-15 1.465722793032506918e-15 1.170862430284333489e-15 -1.935226251880265722e-15 8.100680302807743579e-16 -2.579408475939240787e-15 2.860786699201244798e-16 4.484668902130604206e-16 -6.996029447557597800e-15 1.088780370145824065e-16 3.706662266705875570e-16 3.313321004597997256e-16 -4.033245507117383956e-16 -4.236153621941783145e-16 3.722371439660632645e-16 -2.672395052240618098e-16 9.765740195835613899e-17 4.312126018393373091e-16 1.668882564326217971e-16 -1.117569159355980354e-16 -9.500600641070069783e-17 -7.162461257566477805e-17 5.121098975828189286e-17 6.045342836089175537e-16 3.877619826676123648e-15 -9.239258438904025645e-18 -6.419157129331193162e-15 -4.037922715152018478e-15 -1.795849377375945605e-15 2.333362298859205067e-15 -3.936862977674965893e-15 1.670680143956831063e-14 -1.041551662953287197e-15 -1.427169768931940235e-15 8.182083193785711970e-15 1.136076044898791745e-15 6.664314463267809362e-15 -1.590916528542360429e-15 1.379770081960949176e-15 -1.106022980797123858e-15 8.052515567116302940e-16 1.025121283357710069e-14 3.446051499937552694e-17 1.124726295238164910e-15 -1.533044748777657909e-14 1.302514308215655749e-14 -4.853320547318297570e-16 1.405067453228162434e-15 -4.439261799396679622e-16 -6.260289574610181904e-15 -1.598906140616097494e-15 1.654821577783177448e-15
5.001130780156007630e-16 -7.604801098940470502e-15 9.143459920970814919e-17 -2.829316580594364307e-15 -3.574554303970326374e-16 -2.242108007067551308e-16 1.351722437476197658e-15 8.988354701829036476e-15 -3.820651950001994254e-16 -2.522012448324035510e-15 -1.074003784198443963e-15 1.377259676286472273e-15 -7.490621664144709828e-15 7.836745704951927777e-16 8.799069190749873194e-16 9.302058346491327572e-16 -7.477388865027888019e-16 -7.391116345077342243e-16 1.762603162850677474e-16 8.870026088616224774e-16 -1.237504582321368222e-15 8.287264624512596416e-16 -1.683945999761675664e-15 -5.345463212559790237e-16 -1.266069601557925153e-16 -1.757560289457211192e-16 -3.905344241123483668e-16 -2.462337500464697201e-15 1.924702857468711977e-15 4.748049824717760699e-16 -3.232857314880847814e-16 7.224902805396268652e-17 -3.573317450056072941e-15 2.735900813923215115e-15 2.549546238408005793e-15 1.414307253252953339e-15 -4.462214047967677023e-15 -7.083002925193733771e-16 -9.939786512593433453e-16 2.213017120550264197e-16 6.730583392657110706e-15 -6.492930539912981423e-16 -3.321243961229451340e-16 -7.472060160286462162e-16 1.003192200802732049e-16 1.021334599103210111e-16 -4.239438412424263049e-15 -4.070200849582782705e-16 2.313743520061161827e-16 3.691675989475054876e-15 8.742916580819101745e-17 -6.369092734214907702e-16 -8.196777956965819700e-16 3.312744702937121344e-16 -6.542048759154247335e-15 -9.051570165379467484e-17 -4.509788228711202524e-17 -1.284791151099269593e-16 -2.920167410426450565e-16 -4.121485638709923440e-16 -4.608184617642471387e-17 1.241210253703859931e-16 -1.860275506568250251e-16 3.614215679229482332e-20 1.983052863489628200e-16 -1.106012261067990209e-17 3.504002946360662496e-17 1.095901982642126303e-17 -1.728378217414758680e-17 1.942067755075432636e-16 1.099447209377997708e-14 5.360611150890465718e-18 -4.602402563473972574e-15 -1.462611320457695199e-15 2.520638021054624037e-15 7.223626892138462450e-16 6.565432215157669893e-15 6.162023354625414209e-15 -1.702866719053987943e-15 -6.044983648215481853e-16 5.097939218255822530e-15 9.443936224103482133e-16 3.042781868136816813e-15 -6.606034746579825422e-16 5.773687851291584942e-16 -2.958815322082705084e-15 -1.021019733950364617e-14 1.108848380343617080e-14 1.872997809127316179e-15 8.357476611500965341e-17 -1.061812324568434558e-14 1.835980952857162349e-14 -6.420133914601734641e-15 4.399257639491032515e-15 -1.760939957007389430e-16 5.008420582386335926e-15 -1.872586645164312209e-14 4.066123163015085659e-15
-4.594745285607567285e-16 -5.295449186527336714e-16 -9.785568779810787763e-16 -2.907685750351202154e-15 3.084406409510511726e-16 -9.554239011734634724e-16 7.734425478975436293e-16 -3.820651950001994254e-16 2.988470367615106400e-15 1.099218709132050047e-15 -6.237943749003402698e-16 -7.311866538136944696e-16 -3.079846780708241224e-15 7.755895065822205544e-18 -5.582666343083979648e-16 7.448812912505268368e-17 -2.172701190830190182e-16 1.515976017835888947e-16 -4.627775166649266875e-17 -2.306738552811866153e-16 6.380405462154263075e-16 3.153556952797442240e-16 -1.444110883518736255e-16 -8.343088268334112103e-16 -1.016583495193555904e-15 -1.416074805851515370e-16 -5.150202227276328097e-16 -8.891740381336606802e-16 3.016042801505525049e-16 -3.166379516360156516e-16 4.780664939353789958e-16 1.634031944542580884e-17 1.555264640237367364e-15 -5.252664257429836408e-15 5.833685598668421667e-16 -1.182252831954278613e-16 4.072873472083237507e-16 2.311331610511909602e-18 1.905974579576145331e-16 4.347355318800267383e-17 -1.797335236245658902e-15 -4.535533177272636661e-16 -7.759129014822088893e-16 -1.571829631787377532e-16 -1.305069504431791541e-16 3.297402113225752734e-16 1.293120344184251692e-16 -3.427651125302909535e-17 9.647205503657290551e-16 1.111097627907942933e-15 5.968369157830132908e-16 1.510130109212246978e-15 5.496964594695046340e-16 1.868649527915863251e-16 4.187538359867922696e-16 1.720840797659621348e-16 5.443288027683679093e-17 1.389808191493715004e-16 -9.459193791326567372e-17 -1.375839976555417057e-16 1.882947568391092992e-16 -6.042987992046232982e-16 2.762036296548913683e-16 1.839992784802934744e-16 -6.727707518191342238e-17 -9.547489354262096181e-17 -3.758809740109540074e-17 -2.482109468494301117e-17 4.203051690300076104e-17 4.275397095490204915e-16 -2.015645312566723415e-15 2.730585185901223678e-18 -4.968652428574969656e-16 -1.330299220865465101e-15 -1.877473833342498138e-15 1.883007736472653641e-15 2.442373291561332914e-15 -1.073244563683963101e-15 -5.856939761133649835e-16 -7.094208500853964050e-16 2.006699750852162352e-15 3.117928643055569797e-16 -9.295898065792780556e-16 -6.054096704125455297e-16 -1.193267234191171316e-16 -4.338469993678477307e-17 -6.231951908040653589e-15 4.797178002988460650e-15 -9.571784148406504862e-16 1.195614007717633298e-15 1.555245044650742842e-14 2.923271341510080563e-15 2.884389303919559976e-15 8.582137821554333522e-16 1.776743619644637187e-16 -5.192367840778292532e-15 3.207922862447902589e-15 3.373635925339149520e-15
-1.062006770476594126e-15 -5.371963670860150618e-16 -1.194534006162820787e-15 3.101814533536416679e-15 -7.419710196409530095e-17 -2.495684044242470302e-15 2.295807302828009369e-15 -2.522012448324035510e-15 1.099218709132050047e-15 2.343708898935635987e-14 -1.205109796700939922e-14 -3.004084860089588772e-16 4.151826783729740224e-16 -1.887176668648640484e-15 -4.990050866708550686e-17 1.645990195303414161e-15 -7.597978695641046413e-15 1.218929774241466763e-15 1.506530981884760397e-16 1.854972175468610444e-15 -1.080138346242651502e-15 3.028701645535507762e-16 -1.244749492728693197e-15 -2.820531288144156664e-16 -8.521433303710353726e-16 5.565166282083205088e-16 1.818702137822697910e-15 1.090853811529316980e-15 -3.101598427152201914e-15 2.172242168601413242e-16 -1.538239769079236292e-16 2.407609009265374238e-16 4.265362166433569270e-15 -5.389215725776196943e-15 2.170534440035684300e-15 -2.575811362126538251e-16 5.193570680329670867e-15 1.365259026674775367e-15 -2.194064250391625089e-16 6.963045900905232001e-17 -7.735589879867497362e-15 1.652346545669306224e-15 5.264073590815980423e-17 6.328764561129443793e-16 -4.218961419030975657e-16 2.523544619808407121e-16 -1.024670401228695919e-16 -3.063703028100926542e-15 3.113499754640084432e-15 5.941176517572477258e-16 -6.225563978074617532e-16 -8.029381247913944652e-17 1.225065458980697969e-17 -6.292366314482337297e-17 1.482679009354259215e-15 9.372895717186417235e-17 3.602732813449502920e-16 3.247253849232811034e-16 -4.598995592305372401e-17 4.331920123536135736e-16 4.647694148971101182e-16 -1.060482711977014760e-16 2.039842189629548681e-16 7.056503220121499563e-16 2.038167820566035352e-16 1.344429972038577203e-16 -3.364166944029850185e-17 -7.738941439039889099e-17 -1.315948281682965998e-17 -5.607888832631175056e-17 2.541578268040012219e-14 -2.018576834318987310e-16 1.489261368393219132e-15 -1.445605050665181162e-16 1.910552522728285887e-15 -1.442587029997553526e-15 -2.198068452604282454e-16 -6.167765657594952060e-15 -2.231649510603932951e-15 -2.161160264720408515e-15 -3.786086863334376729e-15 2.294985212425871844e-15 -2.822727276622522912e-15 5.391323014762122998e-16 -4.176759431403740664e-15 1.370663758727935545e-15 -2.980249661709125451e-15 1.453327748473817216e-14 -1.297622090063366031e-15 1.104878964180020532e-14 3.166758912082948573e-15 -4.784363646321246208e-15 2.838854697565133398e-15 -3.177737683853639031e-15 6.817108263389419341e-16 6.598716080642176936e-15 1.662856667883042629e-15 -5.763096917202886458e-16
4.681757516939943099e-16 1.520353051104976389e-15 1.839337843062729805e-16 -2.423348038027365528e-15 7.728315082602017878e-16 1.130506588378251001e-15 -1.431384811947586268e-15 -1.074003784198443963e-15 -6.237943749003402698e-16 -1.205109796700939922e-14 1.518394913404915548e-14 6.585530547141517292e-17 -3.905082501802375479e-15 1.831791544334692708e-15 -1.130856887485158142e-15 -2.101305323422786092e-15 -1.120284130161183195e-15 -9.233363730519326400e-16 -4.573447995292921962e-16 -2.713324910261491597e-15 1.268980882291844261e-15 -4.613141452085382784e-16 2.632193096083453236e-15 -9.113625324494249635e-16 -2.491179475329011874e-16 -2.918037295435319555e-15 -1.044308682204258062e-15 -7.360053305421946070e-16 8.885167868342553110e-16 -6.615337551121964696e-16 4.774621408011762874e-16 -1.791849459806124383e-16 -1.655073957376048622e-15 -7.773562222362573367e-16 -4.015237733355218560e-17 -1.054777947982005381e-15 -7.756539880032685699e-16 -6.321492658685960677e-16 1.953027161012434562e-16 4.606407273093856477e-17 -3.287104967402071597e-15 -7.007106299804497448e-16 -4.650392011104600759e-16 -3.916939311143949512e-16 7.630661537516187867e-17 -5.134202981090269241e-17 3.138591271308327936e-15 3.193937892010531898e-15 -1.202202787728764517e-15 -3.360195645969722303e-15 7.455687769629726119e-16 8.130674338654929688e-16 -1.256182576228378961e-16 -1.679549989218363975e-16 1.622588069138917061e-15 2.393212614992951147e-16 -2.251035180423867951e-16 -1.217052347804675766e-17 6.973744171624444694e-17 -1.386700087171396948e-16 -1.943836661738184779e-17 -5.152766279165843085e-16 9.237759395299820404e-17 -3.811175965068596753e-16 -1.783480786907656966e-16 -1.059722408780723496e-16 -3.816679407773226668e-17 3.221376799936682258e-17 4.741753472946919561e-17 1.174340101273493510e-16 3.431150231673983853e-15 3.758021279648557874e-17 9.515415506050598575e-16 -2.919960635065966033e-16 -1.987965304968313326e-15 5.442730215195724232e-16 -1.285467565218038004e-15 9.684183085606752121e-15 2.164113490645261930e-15 1.335626320285853061e-15 -3.118132224122499172e-15 -1.550660998771905932e-15 5.803114367444476957e-15 -3.265853598846743979e-16 9.448507636500379329e-16 -1.377738188480527590e-15 2.820033012203936994e-15 -1.107446973274684554e-14 9.387968739846728675e-16 -1.976810105407686324e-15 8.186432798525042580e-15 -4.204564828544768318e-15 2.309243706130015393e-15 -1.385066405019455774e-15 -4.704479078460368579e-16 -1.153019867303380731e-14 -2.169211934971262632e-15 2.787939327403137170e-15
-9.639978905354347007e-17 -4.047505903178206321e-15 -1.096378291141039367e-15 1.171171375091746305e-15 -3.627477586087505963e-16 8.085588987982354613e-16 1.331359469148894518e-15 1.377259676286472273e-15 -7.311866538136944696e-16 -3.004084860089588772e-16 6.585530547141517292e-17 3.508196100644555766e-15 -8.580333799789924804e-16 6.961843109400381275e-17 3.564777197927965055e-17 1.714999784052556853e-15 1.735127724090686217e-16 -2.279438440318939327e-15 1.460221720128373284e-16 2.339516480464640693e-15 -4.355010655225521942e-16 -9.946747862199203147e-16 -1.996139941765513887e-16 -7.968645569774689525e-16 -2.694746790596481832e-16 2.675471923691965786e-15 -1.221806171966501383e-15 -3.822196553889029432e-16 -1.876327270561485909e-15 7.716245351845614787e-16 7.510505219385163695e-16 4.925936168344140165e-17 -2.048943471676484717e-15 1.385225476237090838e-16 -4.212219925616963730e-16 4.937440519372522409e-16 -1.544381053093622436e-15 -9.190799288912842243e-17 -5.982785142279876866e-16 5.344048262225958449e-17 3.128603227358482501e-15 3.195014813162952241e-16 -8.616026300570748339e-16 -1.662121816324169339e-16 -1.321082043965552484e-17 -3.992173557386002987e-16 4.477537650461536295e-16 2.887537441481943789e-16 1.344601725483696062e-15 1.734298328768431443e-15 3.102240369330816127e-16 -1.082356524278717194e-15 4.809353123648358203e-16 -3.224320568538537185e-18 -2.060084546108466432e-15 5.493327673424078903e-17 -6.592275234642124745e-17 -7.855033405451779104e-17 -2.813466379774629836e-16 -1.033361517381299301e-16 2.781450690011726160e-17 -2.378085956482707747e-16 1.727504924262900270e-17 -7.587211190796940877e-17 6.582699528702045876e-17 -1.049190706517818959e-16 3.730910262333772849e-17 -1.131334759515791867e-17 3.055702641275901140e-17 2.636522525997036302e-17 -1.144389518750799365e-14 -3.105771958852193992e-17 -4.229976758569248053e-16 -6.232602748736654095e-15 2.463025784442391381e-15 2.338142657754885377e-15 -1.841465281759973908e-15 1.278945214810375745e-14 1.984339323427175378e-15 -2.834710284379206714e-16 -1.864681194326806951e-15 9.130944119727650181e-16 -1.487101963853216027e-15 6.926865979758144139e-16 -8.587608173283046469e-16 5.617779542600841697e-16 -4.392075093805320117e-15 1.255410514819631419e-15 1.458440905936526717e-15 1.088140520195867332e-15 6.708288830641322818e-15 8.500735171750029779e-15 -1.456848552094223224e-15 -1.494973486578176270e-15 8.195455176155304975e-17 1.213708064409147627e-15 1.270091732449963321e-15 4.353828992127527167e-16
5.480559314812478871e-16 3.464175159244515308e-14 5.190815194020573457e-15 5.405952305363614975e-15 7.257587747203289962e-16 3.543732988801415738e-15 -4.653794977477062021e-15 -7.490621664144709828e-15 -3.079846780708241224e-15 4.151826783729740224e-16 -3.905082501802375479e-15 -8.580333799789924804e-16 1.475963340437273433e-13 -2.834248491881238224e-14 -8.818006910075785520e-15 7.513676720478734486e-15 3.903414815595236552e-15 7.494744568698083236e-16 1.784345740354657981e-16 4.262890674968907057e-15 6.256900406111462311e-16 -7.362303728246534042e-15 -8.650258656055686121e-16 3.408116366153229558e-15 6.001500839513424326e-15 1.101202305652017565e-14 -2.223165979714587094e-15 1.974710514980981748e-15 -4.110918586740103709e-15 4.079866174230135031e-16 3.872255353513948148e-15 -2.040088335630158547e-16 -2.997203358300937239e-14 9.259569000690863956e-15 -9.174307530256011620e-15 -1.250218337812205640e-15 6.383432499748986054e-15 6.214634523661891875e-16 1.920764319858223243e-15 -4.102489875253727203e-16 1.445586034677957131e-14 -5.932951196979233946e-15 1.728382659807544177e-15 7.107337869643130790e-16 -5.864320786649993166e-16 1.108871221082229113e-14 -7.136910309332447941e-15 -7.786614771358722641e-15 4.600346095001044266e-15 2.276803404889608005e-14 -4.303615051353713328e-15 -1.245405324060112572e-15 5.220141682986442154e-15 -6.958115969563480944e-16 1.056858979837475332e-14 -1.028898792075217370e-15 -7.944152232696172069e-16 -7.447384033081758096e-16 9.686319649665481217e-16 8.165756080118976903e-18 -5.925232905500204583e-16 2.327123456052638642e-15 -3.226520705004937370e-16 -1.039361153087323491e-15 -3.433255919080485925e-16 4.326956051651876834e-16 2.101402427462217601e-16 6.527083665355695139e-18 -8.993220299777325196e-17 -1.423577003907872266e-15 -6.570698705826213443e-14 -1.876266555445195620e-16 -8.003052426142274050e-16 -1.368948603781026041e-15 7.878161721411366717e-15 -2.147836377407103021e-15 -4.100460733927194056e-14 -4.318490573483131615e-14 3.157556853082917871e-15 3.443141254010323454e-15 -2.149425112173676243e-15 -3.505385120185841865e-15 -1.097972380788959214e-14 3.029107898941992783e-15 -4.947505354201230855e-15 1.999955496514317552e-14 9.368622565733096232e-15 -1.580169503160564638e-14 -8.734606339391987053e-15 -1.946986644033028031e-15 6.591804152634213626e-15 -2.167454698921504641e-14 -4.247886601553356566e-15 3.300656262197946498e-15 1.642163777993878947e-15 4.047094716923738130e-14 -4.540287801154099744e-14 -1.642080262560754678e-14
-7.956314979529851320e-17 -3.885557089039716962e-15 -2.793324192346420845e-15 -1.008142786017288341e-14 7.639865781303773349e-17 -7.352011136190066016e-15 2.015057304264964792e-15 7.836745704951927777e-16 7.755895065822205544e-18 -1.887176668648640484e-15 1.831791544334692708e-15 6.961843109400381275e-17 -2.834248491881238224e-14 2.697178209947940727e-14 6.578542610019549675e-15 -1.754696320652823979e-15 3.663061780889685594e-16 5.875259021024928685e-17 2.324732113007118469e-16 -2.271474695412409137e-15 -1.647358974030680455e-15 5.435231711658734922e-15 7.378048094150871501e-16 -1.226515313044409196e-15 -3.892059490733448725e-16 -3.101227104820512091e-16 1.171141335917184210e-15 2.143419197517814624e-15 -1.531893235486296400e-15 1.244854047620392169e-15 -2.690672644094108339e-15 1.563289715505477524e-16 6.875972908677454827e-15 3.474289335316988391e-15 -1.229124097089181943e-15 -3.490540042185706089e-15 1.536340781479278804e-14 -3.103427768414371959e-16 -4.175056636129202773e-16 -5.067042457143915037e-16 1.470186464285136475e-14 -1.066392357888009843e-15 1.769161788959718683e-15 2.698084036550269960e-16 6.464153699913380169e-16 -2.137637923459833679e-16 -2.523754451659033279e-15 5.665685044912916140e-15 -2.067787924046554311e-15 -2.286014557358872994e-15 2.451937995933433991e-15 -1.125954470962244395e-14 -2.143406973441663664e-15 2.250618660724294928e-16 -1.060393323801284886e-14 -4.489092730195998647e-16 2.700786480395012232e-16 -1.791555982579557904e-16 -4.449474617748672482e-16 1.608249158250723213e-18 1.133100273482587406e-16 -9.279604910459523567e-16 2.609011249924847725e-16 -9.574493761394670745e-17 1.980988976806189297e-16 -6.998924034315046872e-17 -7.599355740757930330e-17 -2.595922871835927053e-17 -3.340274680068733315e-17 4.879253985720997989e-16 2.404916808767639976e-14 1.238513817571402893e-16 1.873309979246615025e-15 3.900817429352820701e-15 -6.815987261558206423e-15 3.223637908402484722e-16 -3.542637182058329429e-15 1.319607658691394406e-14 3.436642386982338165e-15 -6.953470565844982107e-16 9.446830665167207345e-15 -1.951498801634005535e-15 5.062592275261503126e-15 1.237865799930937105e-15 5.616974796741868149e-15 -4.329630573052978483e-15 3.397200350968518058e-15 1.805621203919681775e-14 2.653948937357348565e-15 -1.055744649315277909e-14 -2.165324390399096810e-14 7.473177469831340891e-15 -1.228035033082083107e-14 8.477231859303025965e-15 -1.186919911922338047e-15 -1.613339090971342249e-14 4.446640875293666105e-14 -7.010204431798436602e-15
-2.683578543784389681e-16 -2.900949560817496570e-15 -2.522883139141918042e-15 -3.960851363108985444e-15 -1.826910924751472498e-16 -3.103720938109317053e-15 1.415476583733245877e-15 8.799069190749873194e-16 -5.582666343083979648e-16 -4.990050866708550686e-17 -1.130856887485158142e-15 3.564777197927965055e-17 -8.818006910075785520e-15 6.578542610019549675e-15 1.646793912650885986e-14 -3.358481524611988723e-15 -4.441112445745882236e-16 -3.585264695822587813e-16 5.851784131223157675e-16 -1.212263639370537745e-15 -3.433285793710092701e-15 5.530436132789260599e-15 -1.366055414015815746e-15 -8.732447379663265462e-16 -3.795576042325860889e-16 6.474358768263776488e-16 2.879348064988572651e-15 2.741212807004578897e-15 -1.486536500805323379e-15 1.785315075981797041e-15 -2.107488877215174729e-15 3.630640948160180427e-16 6.783108556720950705e-15 1.103787263302783033e-14 -1.267514742032528616e-15 -1.807619123714617158e-15 1.192129112595461783e-14 6.356955989638370770e-16 -1.225899030276788564e-17 -4.123851742415561047e-16 1.622966193051246295e-14 -1.190892318517923518e-15 3.049881396447640536e-15 4.139155986730885590e-16 -2.410459205418400455e-16 -2.089246491199294604e-15 -1.993141692094359017e-15 4.586699352213936042e-15 -2.924870794226364890e-15 -7.255248255549236543e-15 3.068917662799767348e-15 -4.785842745192901715e-15 -4.725963366697900990e-15 2.302827092421793139e-16 -1.177183177057158801e-14 -5.138425697968595549e-16 -4.173708303370719465e-17 -2.369915530528712405e-16 -3.262428801595506938e-16 3.622404762010640573e-16 4.901405747147619068e-16 -8.966666294910380367e-16 6.624388438641426006e-18 5.956487373117170024e-17 1.795029008239034166e-16 1.761536733320517717e-16 -5.620410746834959999e-17 -3.416730034682675992e-17 -6.999270671955604096e-17 -1.840710818008245467e-16 4.154754713455853228e-14 1.114866386954127933e-18 -4.349620135090850586e-15 9.633845186497942950e-15 1.341855712680150251e-15 -4.794233061136693390e-15 5.630095300320758511e-15 2.182806149104991122e-15 3.355604831394720136e-15 -1.853801620380407634e-15 2.940458739809702186e-15 4.489501518106485735e-16 4.813557151750688819e-15 5.252588420927000617e-16 5.597248255257889777e-16 -6.578641906267952301e-15 2.336693276735441842e-15 1.849581200424214677e-14 1.995426640146028387e-15 -4.102686527838838485e-15 -2.965682247993847607e-14 6.894993158193463434e-15 -1.513471389537755380e-14 8.314680089400839269e-15 -1.150795826352569318e-15 4.619099229950158977e-16 8.425821556169545290e-15 -8.076236887524317260e-15
-1.249819388743937382e-15 -1.545219758857485785e-15 -1.516476873819134697e-15 2.372741854957807417e-15 -2.883018999891446073e-17 1.054297779545674296e-15 -2.599443874596214529e-16 9.302058346491327572e-16 7.448812912505268368e-17 1.645990195303414161e-15 -2.101305323422786092e-15 1.714999784052556853e-15 7.513676720478734486e-15 -1.754696320652823979e-15 -3.358481524611988723e-15 1.406562773899352724e-14 1.179400599327429307e-15 -2.267387825125506929e-15 -7.490626454298001699e-17 3.274979384993562434e-15 -8.984409312231807913e-16 -2.369055604102884783e-15 -4.993680144863256578e-16 -1.830914245330805005e-16 2.941141657525025774e-17 6.344240432993863453e-15 -7.585350837349296934e-16 2.490565152692926924e-16 -4.585616165587622936e-15 3.080609637817965618e-17 2.094505181456894223e-15 1.388575322536088146e-16 -7.998271064750974268e-15 2.637725549510983923e-15 1.191012167595806570e-15 -3.983580032992115425e-16 2.125655916599881957e-15 1.172991361255758198e-15 2.215092065694508202e-16 6.113526997934765319e-17 4.154205486729885323e-15 2.307844461901740345e-16 -1.354737585634578094e-15 7.361357759180172931e-16 -2.987541795557444121e-16 -8.283933575381388845e-17 -6.547205755672678378e-15 -1.584669452494304297e-15 2.612948656605502961e-15 1.097397723975688391e-14 2.765330650480229373e-17 -1.902701700573092088e-15 1.051224348806661889e-17 8.580090800356688694e-17 8.942769275578727782e-16 3.308822678145486229e-17 -2.228338983761154811e-16 -2.812550316691435208e-17 -2.464839990585905370e-16 3.383826700109423395e-16 1.575274392687626824e-16 -3.174330566754598574e-16 3.355646169851045022e-16 -4.331742014512517822e-17 6.611134977521816870e-18 -2.753236957238849152e-17 1.075926844313943707e-16 -3.969724784496712901e-17 5.551531807920746470e-18 -1.756906992370094907e-16 1.137425842394716952e-14 -1.030969731375242926e-16 4.272336525127997566e-15 -7.267575081440432946e-15 -5.660517835654231361e-17 2.918028855592341471e-15 3.093563721577230590e-15 3.050614365316872101e-15 2.714185705368882025e-15 1.863607468946144334e-16 -8.025501658158947394e-15 -5.429541604602182154e-16 -6.724970885665952763e-16 1.301660769165729493e-15 -3.577896787614077379e-15 3.402342310441943901e-15 -1.298161146764220250e-14 5.544564239310815158e-15 1.657034237742138985e-16 3.782397591698177448e-15 1.947173518601625521e-14 6.701730199173350391e-15 3.181638532899380588e-15 -2.368301443280062329e-15 6.054868071866895802e-16 -1.990718805842962910e-15 -4.798385896456675253e-15 1.164796350446578084e-15
