1.222148868188912580e-15 -2.373018061767051097e-16 -1.932150069755316683e-16 5.379746282323270881e-16 4.696487579649493277e-18 -2.918552553139471553e-16 1.511123504515002004e-16 3.462266028162209856e-16 -1.177837523814376846e-16 -5.091546223463623930e-16 -4.740885194847604781e-16 -2.799900802397216899e-16 2.717339378107445585e-15 -1.158987967119898955e-16 7.573938987247902291e-16 -1.880488659350131415e-16 7.311370212775210182e-16 2.471902023109627886e-16 -1.199969990700723009e-16 -5.169909555130078538e-16 1.013481575479838170e-16 -1.957560881893127867e-16 9.788255778297032118e-16 9.161223710741024593e-17 -1.304232261165286970e-16 5.072524692787165269e-16 -6.913466475782210756e-16 -3.978716819867679699e-16 -1.735436570475065379e-16 2.230528798556077083e-16 4.057060315969425193e-17 6.640085916365617360e-17 -2.288533185319572239e-15 -1.214972723447330047e-15 5.392899888915821026e-17 -3.812047115874943197e-16 -3.119092925062673057e-16 -6.000778158135355667e-16 -3.431785121307560112e-16 -1.183663824959750089e-16 9.559615095852437389e-16 -3.654984540458502576e-16 -5.779157146170637821e-17 -5.505928346881467392e-16 -2.176999219611136407e-16 4.959399132293906976e-16 -1.245189095724242538e-15 4.425864452272334628e-16 4.116379643265356805e-16 5.379279262133208523e-16 7.234389317701885603e-16 -1.113564242840103495e-15 1.401253019111997215e-16 -4.628221313442698574e-17 3.768938806444115379e-16 -1.916060987514077310e-17 -3.637765307246585979e-17 6.594392354593035015e-17 -7.043642366380722806e-17 -2.524183497579736903e-17 -7.315070569299537179e-17 -3.993456246427959005e-17 -6.496239980841490973e-17 7.246451022321362848e-17 -5.162450605209580562e-17 3.935095860952527151e-17 -1.272993310813321916e-17 1.041118694923892766e-17 -2.311042883350538355e-17 -2.052831076783945704e-16 -3.442384000496773133e-14 4.263092860651196487e-17 1.468690841130289623e-15 -1.165167087591942814e-15 -1.025276360857520629e-15 1.221335569568234192e-15 -3.663587643871712430e-15 7.404883351418999766e-15 9.684241554153663357e-16 8.355845822186949865e-16 -1.246693199541310876e-15 -7.954230328667943495e-16 1.836775228755509761e-16 3.549106066967190962e-17 1.329050925116742739e-15 1.020349397192225735e-15 -2.477436738295316624e-16 2.647443732381124579e-15 3.569270903119130333e-16 -1.946232343474363564e-15 -2.928510960864839015e-15 1.010399359895068017e-15 -4.176459563835192251e-16 5.968121503358514524e-16 -2.340612783904053171e-16 2.201301135100624225e-15 3.800669889338974605e-16 5.882046150851031331e-16
-2.373018061767051097e-16 6.381113529696031287e-14 -1.611603890866304649e-15 1.219024006122171701e-15 7.247000702867228452e-16 -2.503108717078108507e-15 -1.466822286771992438e-15 -2.738513221875918937e-15 1.549818865139433151e-15 6.758988335935088215e-15 -4.354351074871542727e-15 1.393780570177910060e-15 1.266713227386841136e-14 -1.001728787627936703e-15 -7.599499811936219417e-16 -1.707842944326752006e-16 5.038187891071840161e-18 9.610767930437717469e-17 4.614955700796160871e-18 -6.295411947670161951e-16 7.352297391740052822e-17 -2.066536549196333043e-15 -2.216199016214724487e-15 -1.386914302073664761e-15 8.935800008113201865e-16 -2.576965229329087816e-16 -7.789440431962778760e-16 5.024459977869991547e-15 5.185596938522404608e-15 2.555171996411492350e-15 -3.490323057924326827e-15 1.302806173500647636e-16 5.638887302022753057e-15 1.202916979584690551e-15 1.750834795606382999e-15 1.795834823322646787e-15 -3.070895751411697593e-15 3.328043148076771079e-16 2.212726885675763380e-16 8.119517276536790723e-16 1.331883182747984222e-15 -5.476994883900660022e-18 -4.187769424413925959e-16 4.231597194532327248e-16 -1.914469901931363317e-16 8.043235477130373844e-16 3.865231258388303199e-15 -3.080046574324928031e-14 3.076568476066918395e-16 -1.918536360745427797e-14 -1.074367584818085701e-15 -3.061084771141150373e-15 -1.207145462852355502e-15 -9.602503416208488723e-17 -1.082536919820865818e-14 -2.465674097062971789e-16 2.168334170341210013e-16 5.146373766871318836e-16 -2.832490810049178135e-16 3.974309807492655627e-16 -2.085729054063708974e-16 2.394973455738817949e-16 -1.091628697867452927e-16 -3.097627469003202923e-16 -1.767081608448828011e-16 1.845165815899453463e-16 -4.931895132994634149e-17 -3.309848689294360194e-17 -1.012651210308800613e-16 -3.682303814001204279e-16 3.832403561596236083e-14 1.792211103661379106e-16 9.727492061086354796e-15 1.009400019534712671e-14 -5.481905575450460065e-15 -2.094992696359792731e-15 -5.456391864839547230e-14 -7.380797695856234328e-14 5.191946050481217979e-15 -3.679861233858602262e-15 -5.786448150828211182e-15 2.824017988498474710e-15 6.230672606629873855e-16 1.652287588893482473e-15 3.645504956243926825e-15 -2.897916430163391646e-16 9.249168120648162747e-15 -6.271189869968217653e-15 -5.929027292712698317e-15 8.722353535522104019e-15 -1.502007057617703039e-14 -1.858710027299572077e-14 -6.931612474078408698e-15 9.547817988343893195e-15 -3.539512799668147703e-16 1.183982910618165517e-14 3.194972719758470109e-14 -2.392219360145150097e-14
-1.932150069755316683e-16 -1.611603890866304649e-15 5.619773438974818039e-15 -2.193032031506543768e-15 5.204720094277963776e-17 9.919272231333115715e-16 -1.730430903883725563e-15 -4.694328538231690150e-16 2.749685722408085957e-17 -9.217223178310181584e-16 1.543927920889025142e-15 -5.255043794394151866e-16 -7.172120599446340504e-15 -1.870172111154311952e-15 -1.416107580189950894e-15 1.015491069369116246e-15 4.966865863647116308e-16 5.278459371193852925e-16 3.513048488445473694e-16 -2.386154092188250733e-16 1.711524757393172637e-16 -6.178876011817367164e-16 7.589980579960189365e-16 -7.219318038536756000e-16 -1.850759169973141713e-17 -1.206474104287178689e-15 1.197623152164525804e-15 -6.544350333820358772e-16 2.359083893914311006e-16 2.719313618672529071e-16 3.034261456584606307e-17 -1.345843095150934610e-16 -5.358170115761667325e-15 -1.750616648405561288e-15 3.025296638087258318e-16 6.824271094187934706e-16 -6.054832576268867332e-16 3.562083392858874516e-17 3.561538819675230010e-16 -2.404630792234244242e-16 2.831002842514206135e-15 4.089938215461465367e-16 1.893550928357999489e-17 -2.514077440188140862e-17 2.498294314165647880e-16 -1.646292234235790965e-15 -1.318984085622099498e-15 1.546768546103449121e-15 -1.149904036283559989e-15 -7.787613636884662935e-16 -1.497061603556304297e-15 3.034008326569601746e-15 2.689286462864450394e-16 1.287586004385173201e-17 -7.111204159408468464e-17 -1.174380642723139954e-16 5.376466046782230226e-17 -1.076137693913269978e-17 1.383094895133942482e-16 9.247905569514620035e-17 4.461887815580643891e-17 1.317286180919433200e-17 -1.007061277261076779e-17 -1.238092470709065768e-16 1.295441442451616784e-16 -9.398905889973426449e-17 -1.317107242635518714e-17 -3.125316212925321640e-17 2.654611865615131097e-17 -1.377787503236987144e-16 -1.127457375040993061e-14 -4.346969594221520637e-17 2.928241752901927895e-15 4.452881580938252624e-15 -3.824106507983698710e-15 2.049100092144479128e-17 -7.976040420056969222e-15 -8.603083054238189532e-15 -1.557517451459717665e-15 4.103213564901327300e-17 5.503580516122888367e-15 1.143659364919601709e-16 -5.448927013100206515e-16 -1.148809633630716433e-15 -1.642705920060008766e-16 -1.222937213645903707e-15 -4.223108734287700744e-15 -2.637165818044488145e-15 -5.123104727206244271e-16 3.935694556160344804e-15 1.218294562066842678e-15 -6.849373222931737183e-16 3.166718988968769171e-15 -3.343432607943922700e-15 1.874807669221811065e-16 1.166751162519619626e-15 1.400075595424593326e-14 4.491046488822473754e-15
5.379746282323270881e-16 1.219024006122171701e-15 -2.193032031506543768e-15 8.726957135711775939e-14 -8.488831621296686200e-15 9.659654272913530263e-16 8.339591492616117300e-18 -1.527551168360696876e-15 1.717094060654102676e-15 1.350570065816346162e-15 -2.839247316845720567e-15 -5.493375193448833825e-16 1.003122761193603263e-14 3.238443536164377211e-15 -1.742177268235686493e-16 4.843721076541921429e-18 -1.109860753101639872e-15 -3.419592211438206842e-16 6.819294529712092189e-16 1.191623928134897845e-15 -1.123063404956540202e-15 1.946647523924236931e-15 1.987283530663592382e-16 1.422006775039864885e-15 -8.787198517733481088e-16 1.156869806552460036e-14 -3.788195583658830272e-15 -2.781418169773013239e-15 9.216113775883407359e-16 -2.980448706716534489e-15 -4.136685212268032540e-15 -8.743461751946793310e-17 1.061908768978266880e-14 7.199045692258789694e-15 -5.705789023585305120e-15 2.429116704727611180e-15 -7.461576324104095325e-15 -2.110818421810335681e-16 -3.786716410454661150e-17 3.337407755341029441e-16 1.353801220669558913e-14 -4.002169711524362235e-16 -2.120187224888668308e-16 -5.307520360457054490e-17 -1.418466006867164079e-16 -4.902945562452412099e-15 1.168594898866954732e-14 1.053639692933793581e-15 -6.506401058077855981e-15 -1.655786844785785420e-15 -3.451862702833692455e-15 7.630775990771208220e-15 -3.337046474975458837e-15 -4.514130782289955437e-16 -1.958644110134771385e-14 5.061988651632616953e-16 -1.824921867712611266e-16 -7.037893110021453461e-17 -3.428592404101818382e-16 4.986885193957028598e-16 4.045609830493906219e-16 3.613269604362605183e-17 -4.973560895353008490e-16 8.215579556873733144e-16 -4.132621475341450968e-16 2.631552156153012452e-16 7.883027023788289601e-17 1.514296357945615842e-17 -3.161993656711811686e-18 -1.424929638839483923e-16 7.275998012651453428e-14 -3.368514921087929128e-17 -1.304774363474838357e-14 -7.938172553181406319e-15 8.224487021447113463e-15 1.165915960405880531e-15 1.778012237563464989e-14 1.260137794861266113e-14 -7.412616071367852522e-15 7.212636760584395636e-16 -4.492168455117393296e-14 6.190697392547071598e-15 -2.025707997147650209e-14 1.929416842798182203e-15 -3.411687283579223765e-15 -4.354838772800501773e-15 4.872947589324590970e-16 -2.035194733489741987e-14 2.859515398426345171e-15 1.493094292897813627e-14 3.867980078253332915e-14 4.582230622575982883e-15 -2.092890282217912809e-14 2.114617223194697795e-14 -3.221821187443910947e-15 -1.228880962349590047e-14 -2.164621794610280832e-14 5.293109073694592882e-15
4.696487579649493277e-18 7.247000702867228452e-16 5.204720094277963776e-17 -8.488831621296686200e-15 2.973513214565815185e-15 -1.451349878007030157e-17 3.355930848318197685e-16 -4.281266601782305263e-16 -1.179574906370539731e-16 -4.056879645481919593e-16 1.496436457458755948e-15 -2.262249643475728835e-16 -1.889869533053560822e-15 2.443499990451409721e-17 -8.517847151148197376e-16 -6.506963026871367175e-16 -3.383342668955924628e-16 -1.300226559077609848e-16 2.392070051126376451e-16 -1.148698698790764729e-15 4.247449429817385432e-17 1.488978905918941074e-17 -5.150663848099490761e-16 -3.612892309511848040e-16 -1.438665032046664192e-16 -2.653089127662594138e-15 7.854589202718232695e-16 7.323196947255100217e-16 -8.650123696100819260e-16 9.832374628352927473e-16 6.765424005026924969e-17 8.524343483866328967e-18 2.252255657036831395e-15 1.090849493277044024e-15 2.582148069954629368e-15 8.065759930819036561e-16 -2.980192571008731080e-16 2.597990426319117932e-17 2.403956692913231877e-17 -2.576257004931100913e-16 -2.224616671567379109e-15 8.288904945128058205e-17 5.834664034170676393e-17 3.975533573569018231e-17 -1.039853072300678184e-16 -1.338892593867146609e-16 -8.090151565786818190e-16 3.926345656553872657e-16 -2.503308986983330157e-16 -2.145089370723999213e-15 -2.676152945691068256e-16 1.175104052050025274e-17 2.030166401795091762e-16 6.107089127355623164e-18 -1.836407405995147509e-15 -7.927147984936166037e-18 -6.286689355133163390e-17 2.114586363701927335e-16 -1.387354719378476007e-16 1.692981218363588654e-17 -1.777733415036667954e-16 1.019538547261931898e-16 5.148189930168261768e-17 -7.954242575627660021e-17 8.668124711834842363e-17 -3.632866531694382912e-17 -3.429140179609446415e-17 -1.611223458279691061e-17 1.219118103050632233e-17 -2.038912266098843324e-16 -6.845349814647708847e-15 4.281164605810399388e-17 2.386228590494062877e-16 7.324360432069710772e-17 -9.142041183876527846e-17 3.831832379988015873e-16 -1.190087297895372028e-15 -4.426940386422256295e-15 1.433373271337835778e-15 -5.193877321724356252e-16 5.346960161313356758e-15 -1.685477015643140420e-15 3.036546792663658853e-15 -5.769140669396956644e-16 1.335801820332044571e-15 -7.572325868282852427e-16 1.618998199231738331e-16 -3.717716242438290841e-15 5.083186045128526537e-16 -1.600681179544948539e-15 -4.386010365327587491e-15 -1.370761180569908219e-15 6.314840061011584606e-15 -7.932595159479913909e-15 1.114773970119442458e-15 1.170415132038107232e-15 4.731121271683238286e-15 -4.865627588169833216e-16
-2.918552553139471553e-16 -2.503108717078108507e-15 9.919272231333115715e-16 9.659654272913530263e-16 -1.451349878007030157e-17 2.480850176738433326e-14 -7.517996019809837402e-15 1.947718831530306377e-15 -1.102247945687279177e-15 -4.709082688887230737e-16 1.535527770582283017e-15 -6.330608427377327221e-17 4.628680678857302619e-15 -3.962298901112435639e-17 1.448219141063785882e-15 -1.278922976733219646e-15 -1.353085737880854493e-16 6.390769611454684143e-16 1.064591739177392899e-15 -2.511073152973321495e-15 -7.211159743947615634e-16 -2.081117504742637520e-15 -4.195774074407841360e-16 1.018727578205178227e-16 -2.809810403399986482e-16 4.665192261787738642e-15 -4.817207274567032049e-16 -1.079350454800202431e-15 -5.029791961671564381e-15 1.488609970607584367e-16 1.840883736623592263e-15 -2.770567942832021250e-16 -1.845140078037858556e-16 9.551781919035769422e-15 -1.270969435791336869e-15 -5.789030655804374593e-17 2.152902328219232405e-15 1.179077134069094724e-16 -3.786573446378204577e-16 -3.704100008590063064e-16 1.064189644825598185e-14 -4.518540944513222417e-15 1.444525633645330014e-15 3.488807893980078846e-16 3.517730619580131009e-16 -1.783948679791541897e-15 3.350041457734209681e-15 2.527407649361596451e-17 1.288457946845951096e-15 -4.173239521611442492e-15 1.528808427619785150e-15 -4.421958860953040491e-16 1.027934496797354393e-15 -7.669176285253233461e-17 -3.561721460695378082e-15 2.195314009576429063e-16 8.523416855478116651e-17 -3.382086418063221396e-16 4.130354694312117921e-16 2.620245426169245062e-16 9.840864164946881232e-17 -3.233919012314037065e-16 9.164559473158796883e-18 -2.048058650804427340e-16 5.996379289618134874e-16 -1.456891483521668819e-16 2.009174825764370384e-17 3.726006553529336429e-17 2.757180157358058952e-17 3.114148672620582290e-17 7.823054892954021293e-15 -1.571402189830530582e-17 -7.520291030683455267e-15 -5.276059429606455528e-15 4.875756065737970787e-15 1.483144683314533221e-15 -1.741063248920215221e-14 6.507578518873629097e-15 -2.736110848522934126e-15 -6.144004348326414877e-16 5.186475193457659288e-15 5.494065301791068465e-16 -2.798573887397406791e-15 3.890289879794823466e-16 -5.000682740552942720e-16 -5.661996193044136924e-15 -1.959100467281384297e-15 -1.420915063255289435e-14 3.483952959859112697e-16 -4.693081682398298692e-15 -3.101275406975102027e-15 1.211339864762754522e-14 9.457557482978704713e-16 -4.191886780671106209e-15 8.451536722426952334e-16 2.557560446448946981e-15 -1.651225635418586921e-14 3.068591566531478140e-15
1.511123504515002004e-16 -1.466822286771992438e-15 -1.730430903883725563e-15 8.339591492616117300e-18 3.355930848318197685e-16 -7.517996019809837402e-15 1.009791992811477372e-14 -1.339070638146600459e-15 -5.059654058253057414e-16 7.950103709462998983e-16 1.511109811125325119e-15 7.930188849288683699e-18 5.144538997510402270e-16 8.618301076964743127e-16 1.059280891129410349e-15 -4.821158068884908018e-16 -3.068154016173648752e-15 -4.958118084369264825e-16 -1.084630957329895863e-16 -1.363582360546141501e-16 3.968681446317872081e-16 8.436178004329022045e-16 3.493785549596194756e-16 3.728454766310002536e-16 4.051964552194322162e-16 -2.010426173517926894e-15 -5.714662105098101234e-17 6.402528382326690438e-16 -1.297998298700706350e-15 1.381273284702180317e-16 -8.159944141606879555e-16 -1.193769564096166709e-16 4.039535274852338872e-15 -7.935818378542388116e-16 3.424582068485026796e-16 -2.648426900127930452e-16 -7.140214468353636345e-16 -3.293058765945020886e-16 8.696135248958997214e-17 -1.349428754691004314e-16 -5.596670445764548412e-15 5.419201387200073238e-16 -1.389211040633437515e-15 -2.103012976634453468e-16 -9.805685018092342196e-17 1.773813086359914515e-15 5.079634265443035417e-16 -1.107556609295507585e-15 2.750594262148973970e-16 -4.586870760732641930e-16 1.074639355337787619e-18 -1.257405694587181043e-15 -1.780987009812007268e-15 1.104935521317435929e-16 1.977671842990265724e-15 -8.376974208087756054e-17 -3.034504000502308734e-16 1.084223465973531603e-16 -3.867143335419683421e-16 -6.274795514432325625e-17 2.405205874298801304e-16 1.778747778874889665e-16 -9.973286869139989576e-17 -6.475320384423476689e-17 -5.878794589453791016e-17 1.213314111379896240e-16 -4.097961625311156834e-18 1.755193264645661858e-17 -2.572601596328293291e-18 1.672086109442590532e-17 1.176766376503200104e-14 -5.718847895811124546e-17 2.336383192049910411e-15 -1.017312268125635274e-15 -1.844872449614900876e-15 3.413597435544970811e-16 1.964314329726340378e-15 9.926543583560133131e-15 5.644963968383025458e-16 5.418877729918998602e-16 -3.960286655205447106e-15 -1.044403476909906341e-15 3.279110129054697058e-15 3.253379242778427137e-16 -1.234685608405507553e-15 1.383034999032069838e-15 5.482628355854254328e-15 3.323410846991199650e-15 1.493272118671368927e-16 2.109330780409082517e-15 -7.584908678770158616e-15 -1.179206925225116987e-16 1.348718158232315789e-16 -9.674341222157310850e-16 2.739886467622817243e-16 -1.621756790278355028e-15 2.857806005604056943e-15 -4.683696891641420484e-15
3.462266028162209856e-16 -2.738513221875918937e-15 -4.694328538231690150e-16 -1.527551168360696876e-15 -4.281266601782305263e-16 1.947718831530306377e-15 -1.339070638146600459e-15 9.759508170683444864e-15 -7.979173422416611111e-16 -4.623642983590400801e-15 -1.870718706359361948e-15 1.206814329011863157e-16 -3.116602495786796202e-16 -1.742137948477148118e-15 -1.604025772472790537e-15 8.685266073787667258e-16 3.268634325360224690e-15 1.087489649158847784e-16 -2.445645608614795367e-16 9.956533513100448432e-16 -2.951320334249004286e-17 -7.555508263348051798e-16 5.712964382846835759e-17 1.170644226922927989e-16 -3.365446240050826086e-16 2.056883236595823620e-15 -9.938654162153105839e-16 -1.102917652265002489e-16 -2.430443467232877373e-15 -7.067357496851238013e-16 1.591032339701904169e-15 1.392308284005079900e-16 -8.198879019986534735e-15 3.522000976628626670e-16 -6.901651338591441518e-16 9.180283446131102463e-17 -1.679486726275217319e-15 -3.920462573595361311e-16 -7.703566074810447601e-17 -4.325558363868843471e-17 -2.038925395034152473e-16 -1.712357974278781996e-15 4.255223877387136232e-16 -4.491057681702599946e-16 -2.931995837777009864e-17 -7.617968833290709627e-16 -1.295084031858229899e-15 1.107164123575352976e-15 2.901520592825503882e-15 4.642238958898574718e-15 3.122102889205207118e-15 -1.375158784739964099e-15 1.635103757144328057e-15 1.341169648973255893e-16 3.730779652261466521e-15 1.210315038029690189e-16 2.210960729856977895e-16 -2.316306174677338301e-16 4.137853967986105608e-16 1.500266418893829138e-16 -2.719924955685580400e-16 -1.235852001383364704e-18 2.290408575800285226e-16 3.955487257914154054e-17 2.439249692783241299e-16 -3.087392695350342984e-17 9.079285236399865989e-18 1.543597600353901136e-17 8.740464902378163272e-18 9.290683659792734156e-17 -3.187852357313320851e-14 -4.759325252474993787e-17 2.276361646509716750e-15 -7.172198851045235453e-15 3.213809542655819886e-15 -1.373024916955618405e-15 -2.471674753760890541e-15 6.209960242890613936e-15 7.853570707129346610e-16 -1.438627186562886870e-16 -2.969883460868897372e-15 1.227393420108801261e-16 -3.495473984309824856e-16 -6.574668220553125429e-17 3.106445837255949787e-16 1.327503892011488679e-15 -7.462143412818755795e-15 3.538645997131995553e-15 6.904815699568461961e-16 -1.075897181819583906e-14 2.846486443987737317e-15 1.595884585288954004e-15 2.114211048248155981e-15 -9.194697642083044934e-16 1.135988174349479935e-15 3.195572807696472380e-15 -2.714474468127327764e-14 9.252654054051285349e-15
-1.177837523814376846e-16 1.549818865139433151e-15 2.749685722408085957e-17 1.717094060654102676e-15 -1.179574906370539731e-16 -1.102247945687279177e-15 -5.059654058253057414e-16 -7.979173422416611111e-16 1.744467947236813618e-15 8.544036946699954870e-16 -1.136425575063474723e-15 -7.746340236174248175e-16 -1.092306001504700629e-15 -7.738057847741164739e-17 -4.015420403091757800e-16 2.867725008503321193e-16 3.669739089834321870e-16 2.720214648651761900e-16 3.959878580894526260e-17 4.222016505252896934e-16 -3.454936854203445791e-16 -1.828857794500789447e-16 4.767010008693711892e-17 -1.969991658792268189e-16 -1.966954353512034190e-16 4.530254011278521139e-16 1.762307837673121077e-16 -7.147644160317398097e-17 1.250702922758556712e-15 -1.424383042677543972e-16 -6.164011685882753341e-16 4.937608964835369185e-17 1.045645795565888492e-15 7.638964888149214670e-16 -3.759194265887884025e-16 2.203418619507396517e-16 3.948456217547354887e-16 1.594101133082491308e-17 4.315659543019751518e-17 1.615331121307865616e-16 5.022685843569658837e-16 1.484113967885163897e-16 -2.643054108930353003e-16 -1.713038169287114951e-17 -8.183390852606295354e-18 1.356050235091334092e-15 -1.097597591891655286e-15 -5.993086156089594233e-16 -7.124135271726324171e-16 -7.570163873669251630e-16 -2.827567985327533944e-16 9.111038795526021183e-16 -2.892761944381840448e-16 -1.031979062788551271e-17 -3.663946086650394657e-16 2.179324965159090293e-17 5.548149691410697123e-17 8.574363623186700901e-17 -5.119402565212999473e-17 1.366744860560772022e-17 4.865277615868754920e-18 -3.169769709370865787e-17 6.514748733539853161e-17 5.967935136564870614e-17 -7.123590303215695510e-18 -2.989962381548928131e-17 -1.857606740438599128e-17 -2.139782603425767908e-17 6.773095430476122140e-19 2.293919125206342868e-18 8.625559886609551267e-15 1.099625561041776835e-17 -3.163351834966998653e-17 2.011482607196963444e-15 -6.883079291468743582e-16 -5.638766850263421456e-16 -2.805130018163596409e-17 -4.140651618122651115e-15 -6.242198113972582911e-16 -2.287224098773137458e-16 3.998809220146843235e-16 1.810596084235962517e-16 -1.143682591817745368e-15 2.628931704618006918e-16 -8.778189744560214588e-16 1.673109703852875537e-16 -7.927654591858496842e-16 -7.567485899660021438e-16 -5.007488852868228293e-16 2.415708740678266740e-15 3.089922853903339971e-15 -1.844984336463838166e-15 -1.894159177364491986e-15 3.713359226103854048e-15 -5.429630601999361975e-16 6.908125442742002540e-16 2.616794304669362048e-15 -3.605752557174751073e-16
-5.091546223463623930e-16 6.758988335935088215e-15 -9.217223178310181584e-16 1.350570065816346162e-15 -4.056879645481919593e-16 -4.709082688887230737e-16 7.950103709462998983e-16 -4.623642983590400801e-15 8.544036946699954870e-16 2.251174539080914080e-14 -9.288726676197690018e-15 -5.427015288214910559e-16 -9.963332204609562535e-19 1.041506613371874173e-15 -6.601503315408182349e-16 3.525056113176835599e-16 -8.957329542566435924e-15 4.092892249163482845e-16 2.659655138899469617e-16 1.659781600881391756e-15 1.323336206007903417e-17 2.416733101535731593e-16 -3.966216720750114607e-16 -1.169507967167411988e-17 9.490025655891364801e-16 -1.937831718480479027e-15 5.763105780942718811e-16 1.144362758746136374e-15 4.472755525064698177e-15 -9.129431659826668939e-16 -2.338019990604810661e-15 1.186552528749438687e-16 5.833738279002604822e-15 1.330013942835598903e-16 2.362672322609180881e-15 8.104618586673387368e-16 4.332932468664394918e-15 -2.611386160648358548e-17 -3.859200500664496573e-16 3.384111382732126687e-16 -1.311690317061865236e-15 -7.900207934723431694e-16 3.611661108174791222e-16 -2.300368164070419602e-16 4.007912688812835817e-16 6.213797068035584738e-15 -1.904059463361085183e-15 -5.618436113572604066e-15 -7.923086456121631600e-16 -1.135921761070550123e-15 -1.222375877672007085e-15 6.627132260585777349e-17 -1.739493311014943891e-15 -1.104576719442998398e-16 4.139606473452662029e-15 -7.591112116076301181e-17 8.937882110600886161e-17 3.675468024943287415e-16 -3.016279817753395543e-16 -1.340731949808408553e-16 4.477676010647343546e-16 3.185249300341452494e-16 -1.605227129889662842e-16 6.205613077171469127e-17 1.293810141950166354e-16 8.540057599778963109e-17 -3.820876359551283606e-17 -7.684852225228393347e-17 -9.035506500458061731e-18 -7.644591571933563360e-17 7.701085592030019821e-14 1.878673951748018346e-18 4.836219680803972109e-16 2.408051492362784133e-16 4.220803583663411294e-15 -4.784248122700558746e-15 -1.008876068707165696e-14 -8.896894442504531695e-15 -5.135929988142183874e-16 -9.356876557751426665e-16 -6.098091284182384543e-15 1.376817202947628734e-15 2.300951866338523906e-15 8.682781716340439294e-16 -5.356021962942270775e-15 5.697539714427840109e-16 2.325654899798046618e-15 -3.201789475850954123e-15 -3.221576416092033201e-15 4.510921534256273044e-15 -6.311477430760801347e-15 -3.384860676903245479e-15 -1.832173001239724300e-15 9.432306147402216678e-15 -4.955856768696356690e-16 8.920452116036870138e-16 -3.990828356284898720e-15 -1.055475776359390667e-14
-4.740885194847604781e-16 -4.354351074871542727e-15 1.543927920889025142e-15 -2.839247316845720567e-15 1.496436457458755948e-15 1.535527770582283017e-15 1.511109811125325119e-15 -1.870718706359361948e-15 -1.136425575063474723e-15 -9.288726676197690018e-15 1.617122559318534528e-14 -4.189665644067963300e-16 -7.661140468392648965e-15 2.155419361165268986e-15 -1.905506382189781963e-15 -5.206054726212699300e-16 -3.911643008144278918e-15 -4.005808998103803000e-16 1.209976024168297851e-16 -3.536261143428104507e-15 -1.062678542049781191e-16 1.167309138741168887e-15 -7.408679568721326086e-16 -2.432175309554447483e-16 -5.562847187660377170e-16 -1.468779257314644618e-15 1.260628943066884448e-15 -1.098797890745481850e-15 -2.909796299417553963e-15 3.411868565054598861e-16 1.497689969702004531e-15 -2.868714208009301872e-16 6.021653241595568751e-15 2.074464083786525091e-15 1.926543345029699166e-15 1.921484663903070288e-16 -1.913271924617096851e-15 6.893954406734918991e-17 8.633820932043373015e-17 -4.652458367480228551e-16 4.117923277129349235e-15 -5.603978191078309482e-16 -1.021546947064721108e-15 5.000520539421622125e-16 5.804189759966825239e-16 -4.184611627969072545e-15 5.891593180530744998e-15 2.801770764789612796e-15 -5.100452240586930529e-16 -5.696645751348302087e-15 -3.407386496757366911e-16 4.248062108628394786e-16 9.340600959101001675e-16 -1.116490837585404716e-16 -6.394803358507029348e-15 -2.268205979167810481e-16 -4.821164648254619394e-16 -3.648621007443485343e-16 -2.785678262261056550e-17 2.623210980573842077e-16 1.527390831351631764e-16 -1.201858190504720405e-16 -1.288272968171455166e-16 -2.455665904814624069e-17 -3.191230561918022933e-17 4.942529360998016563e-17 2.702304961679646677e-17 1.014097539383721080e-16 2.990396180465009750e-17 3.081036044438818147e-16 -6.193495677242467434e-15 -1.054116061034284263e-16 -4.451719554559811442e-15 -5.301433750420396360e-16 1.076056606911870492e-16 2.946068199883824942e-15 8.305055243257006475e-15 3.189211010786495628e-16 2.820807630157864488e-16 3.324043656528358351e-16 6.388585351484043781e-15 -9.092420301956033750e-16 5.417751501737811003e-17 -1.593498370109300284e-15 4.186881981692562155e-15 -6.831278827413267758e-15 2.255470885704728282e-15 -6.919939295293064506e-15 2.617933748948676037e-15 1.353251885641176387e-15 -3.202305672113618842e-15 5.293795140313040757e-15 8.139494243940529118e-15 -1.674777375918048524e-14 1.835997175190895633e-15 -5.100075938420671060e-15 1.403905432362051265e-14 -2.070065932805416249e-15
-2.799900802397216899e-16 1.393780570177910060e-15 -5.255043794394151866e-16 -5.493375193448833825e-16 -2.262249643475728835e-16 -6.330608427377327221e-17 7.930188849288683699e-18 1.206814329011863157e-16 -7.746340236174248175e-16 -5.427015288214910559e-16 -4.189665644067963300e-16 2.864699345463955827e-15 -6.757322931130952197e-16 -6.415477694820312171e-16 -1.169971368381695642e-16 3.001355200435250059e-16 9.414789230515345308e-16 -1.783025310158270111e-15 -2.407175889792188547e-16 -2.392706449265957267e-16 1.206558665452126330e-16 4.237854300962810789e-16 -5.587246489615967387e-16 -5.996108382064214321e-17 -9.867053863667694899e-17 6.365259023185555423e-16 -3.694628220915270610e-16 5.791062949602582067e-16 -1.017142189406906167e-15 3.515111692732536601e-16 6.094776466117242058e-16 3.883447739489334578e-17 -2.200023172844473343e-16 2.154631876541225629e-17 -6.004863607903596285e-16 1.204022464101868191e-16 -1.045562756379116656e-16 1.402326554670837561e-16 -4.913604147431890911e-17 1.748660807432873609e-16 8.705023143438744302e-16 3.732596538199813183e-16 -1.336873832125013508e-16 -3.614325632309803268e-17 -8.533121395813730287e-17 -1.418122051562152539e-15 6.695886250553329236e-16 -6.937457016966606048e-16 4.938898966657082067e-17 5.258616957884386872e-16 7.190080647633397323e-16 -7.096876355561201491e-16 4.348490640275287870e-16 1.678093551966562156e-17 5.478609221360302513e-17 3.508626800642577561e-17 6.065919045032361457e-18 -9.699369893343016445e-17 4.696676772170789527e-17 6.651903060424056644e-19 -8.560084612919113772e-17 -3.052881802993789471e-17 -5.895040868520657852e-17 -1.355887468174154013e-16 8.687131610283617186e-18 -5.551110553062480371e-17 2.797233786585148227e-17 8.024330079086526214e-19 6.725952797260220636e-18 8.171535998806369322e-17 -1.875740424580830385e-15 -5.299955040861658803e-19 -4.326700840807680810e-17 9.671809959213546187e-17 1.565897020415999496e-15 -2.270236147495528135e-16 -2.663907104249936517e-15 -4.824559176318019923e-16 4.780346241071095962e-16 1.657241948736397109e-16 -9.654930160014051639e-16 7.613744842969893633e-17 9.572200645733512748e-16 -2.926201310885014235e-16 2.851216036397171899e-16 5.930347670500592040e-16 -1.743342509887299225e-16 7.480811567932107123e-16 1.130483989821521061e-15 -3.473798062694597113e-15 -1.115970780696224698e-15 -6.293528200205042167e-16 9.214691267609733334e-16 -1.084218199743749799e-15 2.934733623687569155e-16 -1.256511195631318836e-15 -1.508730629859649269e-15 2.608705919610138716e-15
2.717339378107445585e-15 1.266713227386841136e-14 -7.172120599446340504e-15 1.003122761193603263e-14 -1.889869533053560822e-15 4.628680678857302619e-15 5.144538997510402270e-16 -3.116602495786796202e-16 -1.092306001504700629e-15 -9.963332204609562535e-19 -7.661140468392648965e-15 -6.757322931130952197e-16 1.835631862999130232e-13 -2.469985893573727175e-14 1.383202023207400707e-14 -5.441740223065892041e-15 2.988731154140020269e-15 3.835916223687193566e-15 -1.905745845613131896e-16 2.617904996555377018e-15 3.004643694038507707e-16 4.069985285279795607e-16 4.753452900828192950e-15 -5.377960200915380385e-18 -2.371702083073719093e-15 1.278520300478479856e-14 -7.039538938886721815e-15 -1.599128315491969082e-15 -2.625507923278774055e-15 1.316342682055052786e-16 1.050513149887962040e-15 3.591651821449161483e-17 -1.374659600084847719e-14 -9.373810741491670327e-15 -8.603658624120566141e-15 -7.695036316961227697e-15 -9.851601495725253384e-15 -3.368680221814303813e-17 -4.237916933035480364e-16 -8.278116849145488391e-16 -1.457624373980242554e-14 -1.842576368771887852e-15 1.823609505106895145e-15 1.184828012240793253e-15 -1.657143660657799826e-15 1.167747572047057305e-15 1.449965335286078419e-14 -1.650073459766688330e-14 5.036185392642461118e-15 7.765618696142562858e-15 2.702699213458534297e-15 -2.720043259289929382e-14 3.562137782021648099e-15 -3.040852555239595209e-17 -1.480747097054139979e-14 -2.439000395202411904e-17 -4.260503828444833999e-16 5.856806677433282497e-16 -1.153342609629603225e-15 7.652526685614617241e-17 -7.831789669015772431e-16 -1.799206398177692418e-16 -4.880753439161288658e-16 1.503511379208167651e-15 1.073833541528935808e-16 2.021565793662298536e-16 -2.109229845690986415e-17 2.509392821504472745e-16 -1.067877098778311073e-16 -2.403394869634047650e-17 -2.197015721069896908e-13 6.745446375874713770e-17 -1.037120662375328479e-14 -6.411432861949966746e-15 -1.109972860540783050e-14 8.483724116168451088e-15 -1.771622205480040103e-14 9.389068381746617674e-14 2.401362796474793611e-14 3.712452618401059536e-15 -1.821424010811278351e-14 -2.232626963921396309e-15 -2.247420152603937271e-15 1.783758629812846565e-15 4.717963625333832513e-15 2.166173395205131400e-14 4.210728392354059059e-14 3.651932089361027498e-14 3.538823711037649793e-15 -3.073870072990244846e-14 -2.591227948162275627e-14 3.242299292932511114e-15 -3.108307765867865466e-14 1.325634138044890062e-14 -5.788398543465323382e-15 -9.324086876657570495e-15 3.925022642731767911e-14 -2.352946728336460202e-14
-1.158987967119898955e-16 -1.001728787627936703e-15 -1.870172111154311952e-15 3.238443536164377211e-15 2.443499990451409721e-17 -3.962298901112435639e-17 8.618301076964743127e-16 -1.742137948477148118e-15 -7.738057847741164739e-17 1.041506613371874173e-15 2.155419361165268986e-15 -6.415477694820312171e-16 -2.469985893573727175e-14 2.729966648026014223e-14 9.826092186380607844e-16 -2.060614256023409165e-15 -1.967715993427769731e-15 -1.253103739964125768e-16 -1.056357746673763045e-16 -3.129835668470922294e-16 -8.480461313931293954e-16 1.436960189115955679e-15 -1.376034464596568627e-15 8.422130149669858577e-16 5.745984334916621492e-16 -2.289501546398455089e-15 -7.854722704948924876e-16 2.339918509704158464e-15 1.598264956284642587e-15 2.091786050527540709e-16 -1.132820250146374807e-15 -1.248233052140201294e-16 1.610635574284215546e-14 3.861731100503533404e-15 -4.513592055802538836e-16 5.070719643728935469e-17 4.546230901141410293e-15 2.629132693509127431e-16 4.915183142967471113e-17 1.462146708614742802e-16 -1.481014107360307357e-15 -2.040458780289634473e-15 1.395672930523042116e-15 2.830758125066220154e-17 -4.229264453266014314e-16 -2.723934444059951987e-15 1.180773209233381294e-15 2.054747473009938396e-15 -2.512221343017594696e-16 -9.167603340218051706e-15 7.046272465325258752e-16 -1.009959789769188751e-15 3.099028420939223591e-16 -2.753209090730053484e-16 3.979054812788645153e-15 3.659879057236225418e-16 9.202871016957697822e-17 2.107777147056861899e-16 1.649139267373206333e-16 -8.924191404655838781e-17 1.756986467103068438e-16 -5.177143505773312589e-17 1.418379931826534011e-16 -2.565745674561589931e-17 2.636419591068983961e-16 1.392309620113407489e-16 -4.628688811631753382e-17 4.445660275118796849e-17 7.789939833495302235e-18 2.758949739742319119e-16 2.839279281866241840e-14 -5.892746401115902533e-17 -2.102914379829722094e-15 -3.765172142367086810e-15 7.846953487740981823e-16 -2.626405708483695742e-15 -2.174453731199189529e-14 -7.993655128209876502e-15 -3.065442438666751632e-15 -7.213983734492046199e-16 7.569304170277666409e-16 5.650039996402042687e-16 7.784141925114157992e-16 4.567438977773144773e-16 2.983793566201792971e-15 -1.629128930338133299e-15 6.221895412901736120e-15 4.491186582509339856e-15 1.246032773907822026e-16 -2.960284916533735672e-15 -1.323918902493284333e-14 -1.789571236636927973e-15 -2.769036327558368604e-15 3.285667009105457123e-15 -9.712619540439120926e-17 3.055804331900694171e-15 -8.983666986523003311e-15 1.960756279571579714e-15
7.573938987247902291e-16 -7.599499811936219417e-16 -1.416107580189950894e-15 -1.742177268235686493e-16 -8.517847151148197376e-16 1.448219141063785882e-15 1.059280891129410349e-15 -1.604025772472790537e-15 -4.015420403091757800e-16 -6.601503315408182349e-16 -1.905506382189781963e-15 -1.169971368381695642e-16 1.383202023207400707e-14 9.826092186380607844e-16 1.742031588796246831e-14 -5.741262442107236891e-15 1.995459049823559879e-15 6.989567405548717615e-16 -3.837082653547320569e-16 3.842482690797320729e-16 -2.676584187442396720e-16 -4.235817521344303708e-16 3.014947506738444694e-16 8.082043191692567037e-16 2.824894380428470725e-16 2.645481762359603589e-16 -6.049158481843079773e-16 4.393247614758984436e-16 5.627017454209045595e-16 1.115838123181183311e-15 -1.042620916765488655e-15 1.177167149753562000e-16 6.643100212376545410e-15 6.814774087308353689e-16 -4.727761693963200726e-15 -4.797937720905103146e-15 5.377804737241249161e-15 6.802656747300337508e-16 4.774311712178061285e-16 1.326550622384402952e-16 -3.674270584864201874e-15 -2.955119851408315324e-15 1.216433522229604597e-15 1.749098385375915303e-16 -1.231638085709234648e-15 1.289748332930921194e-15 1.681003464366317371e-15 -2.020284532229145926e-15 1.940431607970310159e-15 -7.649828310521307893e-15 5.230549796986122201e-16 -4.790601505315556894e-15 -1.914605704799809337e-15 -3.299874196333622362e-17 -2.123874026158719920e-15 -4.436267517976500835e-16 2.992743414596208154e-17 -9.321964378433597623e-17 -5.128235104751417482e-16 -6.271342899270719916e-16 -2.964152027925121072e-16 -4.349573795925953000e-16 -1.161768432620863478e-16 -1.675651789917855565e-16 -3.098123128947695416e-16 1.144549800600556915e-16 5.852010987612169928e-18 2.385128024878279183e-17 -2.549901795609459368e-17 -1.375444015714385670e-17 -5.347216007037136014e-14 4.701637333660040447e-17 4.765785169024041564e-15 3.607478881712175464e-15 -7.789934829240464081e-15 5.182534481600670766e-15 -1.219014706306163546e-14 1.883798626519206291e-14 -1.160668171821038579e-16 9.136641933013688614e-16 5.556508030512072883e-15 -6.019833546234792136e-16 -2.465467988758670738e-15 1.020175088438441989e-15 -3.250105924792467179e-16 7.556680616886393858e-15 2.066715481164406314e-14 5.229584397273317334e-15 -6.816913749290238063e-16 3.674325418601768428e-15 -9.142016355553417542e-15 -6.167144733796345971e-15 -6.087258532251714020e-15 4.736194240752299745e-15 -3.545863129130071236e-15 -4.127826984189605967e-15 5.445457031251032896e-14 -1.598614726994057761e-14
-1.880488659350131415e-16 -1.707842944326752006e-16 1.015491069369116246e-15 4.843721076541921429e-18 -6.506963026871367175e-16 -1.278922976733219646e-15 -4.821158068884908018e-16 8.685266073787667258e-16 2.867725008503321193e-16 3.525056113176835599e-16 -5.206054726212699300e-16 3.001355200435250059e-16 -5.441740223065892041e-15 -2.060614256023409165e-15 -5.741262442107236891e-15 1.107116017870046663e-14 -7.324830650421038364e-16 -4.772166933161830986e-16 -1.019504271909612204e-16 2.129046361442373414e-15 -6.170718351092518628e-17 -6.350611572184032786e-16 2.255891207067071400e-15 -8.166983719637942678e-17 -2.034260067969879312e-16 4.043877929088726153e-15 -9.863611487873021835e-16 -1.722462032040840569e-15 -2.702048186985965935e-16 -1.284214870358776234e-15 6.454931278824572124e-16 -8.644534953762423395e-17 -1.283022329589509903e-14 -3.032319054620276389e-15 -1.226309481366759004e-15 1.133584503692503626e-15 -4.465300823006580098e-15 -1.584320991087167813e-16 1.159263267073860525e-16 4.128889450682412706e-17 1.780241121585914237e-15 1.029161554577792433e-15 -1.151906144696827462e-15 -3.853400497345661601e-16 3.028236326615194625e-16 2.430410422463132888e-15 -9.749459081554828112e-15 4.456094661594296514e-16 1.736326290770597821e-15 8.467101286230946083e-15 1.836332852819509849e-15 2.154683320142889465e-15 -9.092896319858617757e-16 2.989179421972544594e-17 9.934769760765374499e-15 1.606362230181634067e-16 -6.027794793848479918e-17 5.461314790348199841e-17 1.983049396871297145e-16 1.364061011019720692e-16 3.549134544220070891e-16 1.071323223087726627e-16 8.945212220344253776e-17 8.635200343341374700e-17 9.716783035681547461e-17 -4.769357398917681662e-17 -1.496894544158114359e-18 -6.666967081802118989e-17 2.909158671047901469e-17 2.007581978332503317e-16 1.740724137577463358e-14 -3.918028725686264140e-17 -4.544493271661082534e-16 -9.278270053611394164e-16 3.937850785696378341e-16 -2.875287710887614305e-15 1.025791189360870015e-14 -7.687460756336273917e-15 -2.104891537649585275e-15 5.120567248356134965e-16 -4.687004539072468990e-15 -4.614242324379934018e-16 5.889274742230599150e-16 7.626842580853151911e-16 -1.414905883802692015e-16 4.511785955095444117e-16 -1.433996232960421348e-14 7.290220146718544857e-15 -1.037191050507785235e-15 7.082376624260784811e-16 5.832344953458493533e-15 1.550030788101471258e-15 -6.337752747490760848e-15 7.174437549133976201e-15 1.431576180175103830e-16 6.712783574493825367e-15 -3.912150062599466077e-14 1.223765909549607312e-14
