1.224234920349101595e-15 -1.428174201423443717e-16 -2.220215318948592547e-16 5.281815645914014577e-16 1.668530105475017315e-18 -3.204100154850161996e-16 1.678763870260732858e-16 3.221453562757360117e-16 -1.191621161786599174e-16 -4.639467043953924262e-16 -4.854379807668272552e-16 -2.781550512690803476e-16 2.793323932274742623e-15 -1.194702689846891492e-16 8.128881946690200074e-16 -2.405243400952031548e-16 7.441422226603390287e-16 2.528621023981432630e-16 -1.217370913844377132e-16 -5.435000900797497352e-16 9.738174062941748440e-17 -1.741534376520655634e-16 9.383615460216770741e-16 9.667745857550334078e-17 -1.263234348918719179e-16 4.880105551782313029e-16 -6.827097070555237754e-16 -3.843431937973240776e-16 -1.176117518899584862e-16 2.324011879427434231e-16 2.358155840044427195e-17 6.791084170664458368e-17 -2.104288323787036061e-15 -1.215722976350867323e-15 9.279044898827025275e-17 -4.046238567766962969e-16 -2.199905038341988066e-16 -5.955508836952190558e-16 -3.385017552050608007e-16 -1.166335472336321285e-16 8.973280868668220547e-16 -3.674922602433661719e-16 -5.327455436452846981e-17 -5.456170559857253023e-16 -2.216641281910947928e-16 5.129545044922945056e-16 -1.180177542035402962e-15 3.843978255819152192e-16 4.001505600902224179e-16 4.595086086588326273e-16 6.910275347668759825e-16 -1.166617932338102264e-15 1.240004260485971949e-16 -4.875205900321128132e-17 3.466461449510841909e-16 -2.453590258809690912e-17 -3.690911712048310787e-17 6.246062886138449097e-17 -7.565717365049909734e-17 -2.849817744708482139e-17 -7.611005304481600748e-17 -4.066422319273431071e-17 -6.731930714795678553e-17 7.165403376421498184e-17 -5.743184986398532068e-17 4.148549193770124241e-17 -1.202524153900214474e-17 1.111502785116941864e-17 -2.406480734367300310e-17 -2.078886655051359928e-16 -3.414166992222955687e-14 4.239233496671638878e-17 1.522378474119495918e-15 -1.100372533447746868e-15 -1.020305340969119229e-15 1.254547469728808066e-15 -3.734331110415881826e-15 7.376202377425774694e-15 1.008063026427451798e-15 8.075052228560220508e-16 -1.214346599258045673e-15 -7.567412762804153340e-16 1.493141384875740788e-16 3.896735430537497329e-17 1.329802483661945354e-15 1.016195128177974194e-15 1.396066630117272581e-17 2.659797917147084862e-15 3.524499487523635725e-16 -1.941992301691642602e-15 -2.948375944704475683e-15 9.511079608649455136e-16 -4.487041584868841370e-16 5.804425014299454481e-16 -2.424985611691332363e-16 2.143061753615536330e-15 9.064805726917452502e-16 -1.683358022681118534e-16
-1.428174201423443717e-16 6.232626001034671461e-14 -1.383709642657687005e-15 1.660899508660761411e-15 6.905168702492882289e-16 -1.712603475036883613e-15 -1.528166900608824216e-15 -2.322959851505006792e-15 1.548136688299170087e-15 6.111452071518875115e-15 -4.326115405638959403e-15 1.446244140319757917e-15 1.276597979809604008e-14 -7.239945131268823527e-16 -1.354985762143208200e-15 2.601587296631377596e-16 -2.517258580645366776e-16 1.929763388138967478e-16 -3.620169534245377407e-17 -1.286487487872345635e-16 1.554441627666729079e-16 -2.395478341284674903e-15 -1.794420792406454836e-15 -1.423366066217169987e-15 7.445459197421934367e-16 -7.210161224004175890e-16 -9.151455938731998540e-16 4.953384819381710502e-15 4.150196309197960527e-15 2.471710393606435019e-15 -3.272658016282333807e-15 1.316348979533585712e-16 2.895936036867293126e-15 8.819030615274310737e-16 2.651751442668143221e-16 1.857670141077342255e-15 -3.788096038244874501e-15 2.197545307251267315e-16 1.214558362236977413e-16 8.607481120707887477e-16 1.767190747899210842e-15 1.715470082924557871e-16 -4.933756218019002453e-16 2.722547088034297726e-16 -1.942408910497250673e-16 -2.318168648898198176e-15 4.575817466906694099e-15 -3.000817700866399284e-14 4.413233880546081387e-16 -1.874529594681142921e-14 -8.921688271909314700e-16 -2.279583303048835434e-15 -8.486113583827352052e-16 -7.344258170146624968e-17 -1.092452540701865806e-14 -2.213452980896246628e-16 2.478802505620570852e-16 5.562688837318318120e-16 -2.339449807946073642e-16 4.109050576522644604e-16 -1.906027494376016633e-16 2.530378411529364440e-16 -9.578579285842356735e-17 -3.066036492359674820e-16 -1.201297226653108734e-16 1.750508565560234009e-16 -5.909653651700852030e-17 -3.567220260397753716e-17 -9.014270111379201288e-17 -3.235976255041363587e-16 3.571135508314647806e-14 1.760476737097652548e-16 9.226285514080067788e-15 9.532681999969380910e-15 -5.554246271918527627e-15 -2.165683880638383135e-15 -5.281683210554473450e-14 -7.307814361543325820e-14 5.111534467574490595e-15 -3.587784005680528376e-15 -6.297270438126911893e-15 2.601069224387150156e-15 1.056459475917709017e-15 1.597982027650738909e-15 1.384771267046528620e-15 4.445774538701799840e-16 6.177253540660656905e-15 -8.953965669839455584e-15 -5.684233824342697993e-15 8.354253222598177910e-15 -1.740903548310661491e-14 -2.021854461966955063e-14 -6.314626409481998899e-15 9.999935459884391421e-15 -2.726007543493824268e-16 1.083698291435712638e-14 3.028080043952554674e-14 -6.657061870628217865e-15
-2.220215318948592547e-16 -1.383709642657687005e-15 5.616192947030444860e-15 -2.274450055033153162e-15 7.077887436824404127e-17 7.538617927188275099e-16 -1.761906621393888510e-15 -5.524528242834359464e-16 3.454224793948275972e-17 -8.498032235745482974e-16 1.548938133360824763e-15 -5.349169260806204053e-16 -7.257073203139007331e-15 -1.930729302700975179e-15 -1.363976046698540444e-15 1.022402657400641907e-15 5.038998956678998167e-16 4.952457002188970646e-16 3.623543455398667402e-16 -3.117687246135664457e-16 1.603598519496220593e-16 -5.509238524768544099e-16 7.289518279701567692e-16 -7.283783231420392190e-16 1.719394159679302007e-17 -1.067925544330283118e-15 1.216783795650866779e-15 -6.564636330681916199e-16 4.002644021631430479e-16 2.839516458991831115e-16 4.808570943670200184e-18 -1.367770424449213776e-16 -5.061121660743590728e-15 -1.672875353298554948e-15 5.773984252947605026e-16 6.856109665204856484e-16 -5.588766900241736820e-16 5.314854449112514629e-17 3.695319405203749135e-16 -2.555132634990823168e-16 2.750355871432535452e-15 3.736925549733802314e-16 2.846206553218009497e-17 9.076157212835318277e-18 2.699376228417881259e-16 -1.051488224911846744e-15 -1.539425913399507321e-15 1.419355310169182373e-15 -1.190531615683848477e-15 -8.061738970146696290e-16 -1.519235799047243557e-15 2.960030778802464928e-15 1.992269476742775596e-16 1.052668928819640222e-17 5.155044835540468783e-17 -1.159662024477276432e-16 4.432525644145447822e-17 -1.120429022506211644e-17 1.348638113482481543e-16 9.336813055888612757e-17 4.710714639228488053e-17 1.154470058288895145e-17 -9.273245421637595464e-18 -1.229598682394269410e-16 1.262933600630099331e-16 -9.495039269116504329e-17 -1.189971376120519038e-17 -3.160709332593555906e-17 2.495838701149754583e-17 -1.427429852780795662e-16 -1.142027246157628770e-14 -4.218218024888789372e-17 2.963628542792970974e-15 4.517408192707325372e-15 -3.829688894595068543e-15 -5.023478617138710763e-17 -8.123916857902553998e-15 -8.783109934145858548e-15 -1.599360721085590430e-15 5.329500560181290438e-17 5.568957148835417459e-15 1.240764318761738627e-16 -5.922067663791289407e-16 -1.148968203544857451e-15 3.050787538998538387e-16 -1.398392311950037147e-15 -3.954545322141236306e-15 -1.945592693445277464e-15 -5.605773781365631314e-16 4.017531763342455035e-15 1.795836920672400750e-15 -2.224944921191468514e-16 3.109973717880333950e-15 -3.408359802886756084e-15 1.730159047145378840e-16 1.508795232902129788e-15 1.329322280442545423e-14 3.012295226242120395e-15
5.281815645914014577e-16 1.660899508660761411e-15 -2.274450055033153162e-15 8.715252925943414251e-14 -8.497910603142811552e-15 7.879221358271923490e-16 3.430127525101059357e-17 -1.571501585747400257e-15 1.712489104705640408e-15 1.544494596778720353e-15 -2.961623223212855344e-15 -5.210558939768945206e-16 1.014584522539324623e-14 3.152887259088734252e-15 -5.517525700841128836e-17 -7.951015475727642930e-17 -1.009067746919779845e-15 -3.552894203276953904e-16 6.812002924492510515e-16 1.112030546435341832e-15 -1.151564400692337775e-15 2.038461369736244500e-15 9.377895697800739397e-17 1.435308354411549352e-15 -8.393228294654468297e-16 1.173873970158173432e-14 -3.790136417503335252e-15 -2.755145717190842447e-15 1.182722252332747098e-15 -2.996719431611223958e-15 -4.182653626036001928e-15 -8.043826144800111569e-17 1.125995575541507655e-14 7.379388105385429289e-15 -5.355553415391260217e-15 2.456567042893455163e-15 -7.477261884274183277e-15 -1.895207057746648526e-16 -1.585786113103459882e-17 3.394702724383336803e-16 1.343457454158059728e-14 -4.288427999022098159e-16 -2.063903335992976901e-16 -4.208043643858312771e-17 -1.613343398874790578e-16 -4.238858483409300532e-15 1.145271822921456036e-14 8.585124014663684563e-16 -6.567951722758472492e-15 -1.615829983269524418e-15 -3.467518372088375028e-15 7.429751933136017261e-15 -3.415931529262634350e-15 -4.568944523640529398e-16 -1.962037905344576860e-14 4.895233447783475431e-16 -1.763311587633712033e-16 -7.513668628078744574e-17 -3.540646197235379124e-16 4.926439289901160824e-16 3.923187800568290029e-16 3.130136676250427981e-17 -4.979252706428968388e-16 8.184035539823803749e-16 -4.252649459039866533e-16 2.677405793957488485e-16 8.161588485142911408e-17 1.491205104334575608e-17 -5.845983417031497962e-18 -1.471628208346061298e-16 7.453873312556638363e-14 -3.476862394710371071e-17 -1.289485070490806847e-14 -7.829942092029968670e-15 8.312876302042592191e-15 1.144293984072717647e-15 1.745130796577575432e-14 1.202999351236066451e-14 -7.393853885888969053e-15 6.809937400862793591e-16 -4.482471148104389879e-14 6.269289559797489778e-15 -2.024575966189485209e-14 1.927999130906257144e-15 -2.922065951928720056e-15 -4.409065083662269962e-15 1.121587252940517137e-15 -1.971562862476106104e-14 2.821278543891258985e-15 1.484351804151471451e-14 3.948973024937964018e-14 5.016549768622230644e-15 -2.114404643426747318e-14 2.128511472087213859e-14 -3.238237138738549547e-15 -1.234828254173030713e-14 -2.134714040750310134e-14 9.557748832256763825e-18
1.668530105475017315e-18 6.905168702492882289e-16 7.077887436824404127e-17 -8.497910603142811552e-15 2.967967442976285868e-15 -6.389689122151220445e-17 3.130616673658143147e-16 -4.407759212367134428e-16 -1.147498030429729137e-16 -4.289282264481590235e-16 1.518366071984609931e-15 -2.301319889441221433e-16 -1.921221663985648119e-15 4.114035201413786251e-17 -8.491698114463728074e-16 -6.309062125181883933e-16 -3.797999470367920568e-16 -1.276012659868364817e-16 2.371447476668077711e-16 -1.152821577647766444e-15 4.944394778268929759e-17 2.128571918641852070e-17 -4.977266180955261070e-16 -3.695605041101449720e-16 -1.438422568326489908e-16 -2.682313399448302015e-15 7.964924542513818507e-16 7.290062858769300915e-16 -8.796703227533709752e-16 9.834206549640559414e-16 6.981538360249886081e-17 7.595514525868902270e-18 2.110026260209532871e-15 1.074082418650294144e-15 2.540100283746247927e-15 7.912474743070506278e-16 -2.749916905261422182e-16 2.218882873381817749e-17 1.937620186856758487e-17 -2.570280183645427606e-16 -2.223983558833046790e-15 7.329353015411816176e-17 5.923019640846995781e-17 4.378090196264547015e-17 -9.098881094792106704e-17 -2.252471450198635010e-16 -7.883796214005604863e-16 3.935383476164191386e-16 -2.492831384482849679e-16 -2.179246843292395631e-15 -2.770982285465179440e-16 4.338789443298466417e-17 1.984728356071111302e-16 6.734247597561818436e-18 -1.749770170282457367e-15 -5.950324421179587745e-18 -6.441110474296262234e-17 2.114048343114579058e-16 -1.375573526180651575e-16 1.762795606045304470e-17 -1.742170738581078731e-16 1.025111718242117907e-16 5.145607163714776942e-17 -7.874288687194359190e-17 8.897767928341827000e-17 -3.701088600343037852e-17 -3.490146332426172794e-17 -1.612679810579651854e-17 1.241416802167246809e-17 -2.014821817358919709e-16 -7.421401978162476212e-15 4.314132445717615088e-17 2.147456694083982798e-16 7.880679595794518192e-17 -1.037516256432702408e-16 3.511151138911950739e-16 -1.087753379346654707e-15 -4.357063872208096553e-15 1.407179674218889831e-15 -5.071315272156260369e-16 5.360515809980708947e-15 -1.686220005877677782e-15 3.015808521688212687e-15 -5.759498959251592473e-16 1.270710925180314202e-15 -7.785145726878522047e-16 7.712462946764087989e-17 -3.770416547908691155e-15 4.988867808910780452e-16 -1.562322304019648131e-15 -4.486842397181536967e-15 -1.382328016984854978e-15 6.333667640950490478e-15 -7.926216271541062186e-15 1.109158653000143245e-15 1.195542197738019546e-15 4.664196421695251233e-15 1.257936655644416229e-15
-3.204100154850161996e-16 -1.712603475036883613e-15 7.538617927188275099e-16 7.879221358271923490e-16 -6.389689122151220445e-17 2.411358675352061091e-14 -7.478162489942605203e-15 1.749443995316550313e-15 -1.143383639823940435e-15 -1.819596404989789705e-16 1.426463644792565914e-15 8.181316899847889723e-17 5.038771467533148490e-15 1.105681142382745262e-16 1.835976046309894292e-15 -1.592566287832291721e-15 -1.712303625405319765e-16 6.277616115537596425e-16 1.018516617601984184e-15 -2.711197013312685395e-15 -7.637949905335730141e-16 -1.777784464126894127e-15 -7.872139847595266972e-16 9.478378172143478296e-17 -2.423303021502399105e-16 4.286417982016608038e-15 -3.537303460558490722e-16 -8.359307767243858593e-16 -4.570037771969031541e-15 1.963019446005019539e-16 1.628891467229187463e-15 -2.442309045387069902e-16 1.335394319210769122e-15 9.447351421219833477e-15 -1.008440363103174889e-15 -2.415220529582481690e-16 2.816816055466293912e-15 1.834163629674470923e-16 -3.449435944671788247e-16 -3.181932370407412129e-16 1.043391014921679281e-14 -4.531822344759004491e-15 1.505036318961791571e-15 4.108227581858360007e-16 3.133154918682405509e-16 -2.106349239942870041e-15 3.879262574543496626e-15 -2.710524469462331436e-16 9.147816367797658002e-16 -4.740458834539416395e-15 1.288811285015856989e-15 -8.461414026645459554e-16 9.850085336897646259e-16 -9.050095038416624355e-17 -3.488914977102222034e-15 1.922323302906961747e-16 8.040581467459258217e-17 -3.533449052935657536e-16 3.689090628813114338e-16 2.355541588469024334e-16 7.862900332354770087e-17 -3.219322671742545058e-16 -2.511748882848210853e-18 -2.150626692831614549e-16 5.571392489637106571e-16 -1.262795770404390267e-16 2.685324259796022008e-17 4.290765430748392872e-17 1.999704996477809035e-17 2.453405421188760813e-17 9.662753794794203927e-15 -2.115393970169928535e-17 -6.999074387708787770e-15 -4.594383221557817010e-15 5.016081598579091667e-15 1.405643175694573607e-15 -1.774377497204954808e-14 5.185895994981032676e-15 -2.456770164095691522e-15 -8.777608536708696905e-16 5.452385565345768231e-15 9.865727718920839360e-16 -2.905794365971887120e-15 3.341739184058135275e-16 -5.906511563123539642e-16 -5.639147034782686055e-15 -1.993180732342946613e-16 -1.367611430607062436e-14 3.490544941223630070e-16 -4.859772944986784158e-15 -3.638369237559763050e-15 1.151213418699030672e-14 5.591595866709963039e-16 -3.935229960382038096e-15 7.889276784010269732e-16 1.539200126858245108e-15 -1.150355829785798845e-14 3.810079088455843377e-15
1.678763870260732858e-16 -1.528166900608824216e-15 -1.761906621393888510e-15 3.430127525101059357e-17 3.130616673658143147e-16 -7.478162489942605203e-15 1.011930254499889294e-14 -1.331893087241018612e-15 -5.150716174567480487e-16 7.849768816606326271e-16 1.491532121696009742e-15 4.499859245998197846e-17 7.926430104213799608e-16 9.668888082955658649e-16 1.091180276202988291e-15 -5.352208912766702878e-16 -3.159940186839103569e-15 -4.475785792732292784e-16 -1.282405587202172095e-16 -1.135473753756134285e-16 4.040010279800206971e-16 8.401219381730614279e-16 3.107489381714583011e-16 3.697078794362882146e-16 3.774443583249755295e-16 -2.276689391694062656e-15 -3.686608421597299197e-17 7.130723367113261946e-16 -1.367363201151266378e-15 1.358734722237658518e-16 -8.395450305003172918e-16 -1.106882761767638494e-16 3.960144484063606797e-15 -9.208303572288207324e-16 7.747825975679991101e-17 -3.283617046335767854e-16 -5.812677752223435847e-16 -3.309595054669548219e-16 8.224618808536348795e-17 -1.088891006252599243e-16 -5.642450872924938318e-15 5.702139514149469981e-16 -1.379239840786051509e-15 -2.258998180414814380e-16 -1.166063109177552890e-16 9.479136335774556007e-16 9.454966767751487353e-16 -1.055581960825507171e-15 2.231869172448632501e-16 -5.849414261818579334e-16 -6.494057914294677334e-17 -1.226048225296672441e-15 -1.725994360720215089e-15 1.094326978546099549e-16 1.992997620346141394e-15 -9.050312025479261510e-17 -2.962172253320108139e-16 1.089276897952721913e-16 -3.899140625514631827e-16 -6.750758396416720882e-17 2.385977225084744740e-16 1.798198136977478655e-16 -1.005614984087389720e-16 -6.697384823628833426e-17 -6.321932224630972203e-17 1.260458491327459732e-16 -4.677776512340298838e-18 1.913109123791793259e-17 -3.242317518649707183e-18 2.300851176603250758e-17 1.203361017529980292e-14 -5.807777705577391550e-17 2.366819524594719709e-15 -9.079882979978295077e-16 -1.859045705012778451e-15 3.585908077919868334e-16 2.190725618815599506e-15 9.821416525527310116e-15 6.692949893017354941e-16 4.599462395392417240e-16 -3.991997337414749645e-15 -9.412685519649182841e-16 3.303906653529732769e-15 3.051306822307121395e-16 -1.858976508932616688e-15 1.569923802742052092e-15 5.566391868388138431e-15 2.623535282428926877e-15 1.711163304010700759e-16 2.024504370917144345e-15 -8.497182731412882281e-15 -7.807929687415972217e-16 1.753900489177752502e-16 -8.529598826978072479e-16 2.722797848772185807e-16 -2.239654994734107633e-15 4.716898935615123741e-15 -1.168363528865259750e-15
3.221453562757360117e-16 -2.322959851505006792e-15 -5.524528242834359464e-16 -1.571501585747400257e-15 -4.407759212367134428e-16 1.749443995316550313e-15 -1.331893087241018612e-15 9.691960229021832765e-15 -8.037442143416653524e-16 -4.443052398303922871e-15 -1.934464453556180887e-15 1.458341471631212772e-16 -4.684745407177380628e-16 -1.872175393587231395e-15 -1.493734639715469379e-15 7.410501789992255643e-16 3.480170383878128797e-15 3.761613930703411130e-17 -2.409708137657420648e-16 8.889803385959944715e-16 -8.406989783004214354e-17 -6.529192584455495887e-16 -7.376016119024414145e-17 1.457032695410191391e-16 -2.992736721451055886e-16 2.427326216483088708e-15 -1.007360769958743288e-15 -9.498747243054614952e-17 -2.022195891814633655e-15 -7.251691172892256047e-16 1.553385004285246361e-15 1.438047518327131576e-16 -7.085004616014923700e-15 5.309205741886884605e-16 -1.078413255310452127e-16 1.556180812860293017e-16 -1.691079907236268294e-15 -3.558631798311250430e-16 -4.641788852970729101e-17 -5.238928887272026019e-17 -9.204865006336224060e-17 -1.736511551043312533e-15 4.491129515368960657e-16 -4.228280683577636283e-16 -5.921532119498306123e-17 5.168283612621838166e-16 -1.793921739380041957e-15 9.571403858096400322e-16 2.824914818111781260e-15 4.720429805443033854e-15 3.148939686217831144e-15 -1.720367650490646848e-15 1.569928578502494607e-15 1.300653452193779148e-16 3.550868495965609458e-15 1.138081423195832547e-16 2.174047652918524261e-16 -2.378122570888549659e-16 4.014936662575115559e-16 1.462503517125242563e-16 -2.914472926711325040e-16 -3.010873013111529596e-18 2.294661849236543433e-16 3.621570774520616111e-17 2.293308870411089214e-16 -2.600938120360890512e-17 1.206636527105248621e-17 1.446157892044198141e-17 5.699294731770253440e-18 7.798297864552447522e-17 -2.968350675211416696e-14 -4.936202327695471570e-17 2.540944796140281234e-15 -7.033073033129187925e-15 3.266006718761012491e-15 -1.423341643298657247e-15 -3.111690785466592825e-15 5.527925665026186107e-15 8.041913964447601957e-16 -1.609914836342821743e-16 -2.892626552955396837e-15 1.824945437450104090e-16 -3.874421892244835553e-16 -6.437689181657814751e-17 1.293668462051385114e-15 1.154351487922073757e-15 -6.658836782861717311e-15 4.901844584612841223e-15 6.528567954721471629e-16 -1.085691399951134880e-14 4.312769998983511769e-15 2.417109560043861875e-15 1.713254893791871838e-15 -8.588095211835109903e-16 1.125447273843451691e-15 3.442105087018310421e-15 -2.743010304766336718e-14 -7.927084478705327254e-17
-1.191621161786599174e-16 1.548136688299170087e-15 3.454224793948275972e-17 1.712489104705640408e-15 -1.147498030429729137e-16 -1.143383639823940435e-15 -5.150716174567480487e-16 -8.037442143416653524e-16 1.746414357098628081e-15 8.329135029400964467e-16 -1.118353256097189680e-15 -7.771451219122300017e-16 -1.101341080918791096e-15 -5.570206471146270598e-17 -4.051345688336823687e-16 2.938494852094070483e-16 3.403111498769531722e-16 2.749107611308162076e-16 3.868280380682151047e-17 4.154612187750652445e-16 -3.404812053325325238e-16 -1.802477972347729064e-16 5.222452619277967803e-17 -2.022773891183989619e-16 -1.966279111815789714e-16 4.261927033097961255e-16 1.866616692814103854e-16 -7.059400239848810761e-17 1.231769960421437997e-15 -1.401412934910994837e-16 -6.175167980205609383e-16 4.941827051493866331e-17 9.573248869523392834e-16 7.538111417742025163e-16 -4.073969723704883430e-16 2.129274328528166688e-16 4.102109725413823476e-16 1.324182195319281334e-17 4.081037111597417029e-17 1.610429272289171601e-16 4.824023674184021775e-16 1.441292856707765063e-16 -2.634141369061330064e-16 -1.489599454248382548e-17 -9.200001661551875956e-19 1.283597003230890613e-15 -1.073206508906928471e-15 -6.090410488242797747e-16 -7.073620561989114400e-16 -7.868637587226225273e-16 -2.838815278483361869e-16 9.302949420452907861e-16 -2.889221493058302369e-16 -9.726399273021754671e-18 -3.171853588012590282e-16 2.271991870715160095e-17 5.549463696954136803e-17 8.589626381063395219e-17 -4.970194000454107266e-17 1.444333701457242996e-17 8.328271768120665138e-18 -3.192974064074373394e-17 6.631339166411474349e-17 5.992987327792128329e-17 -5.408060554118148959e-18 -3.016842922910797612e-17 -1.896394602325173714e-17 -2.123260390181414100e-17 7.182002376270738968e-19 3.728479252027709523e-18 8.233599178576641377e-15 1.145828757298673527e-17 -4.953966547066042852e-17 2.015282615707440406e-15 -6.857325358590741990e-16 -5.887415584632852432e-16 1.318269238972768993e-17 -4.131130148717113879e-15 -6.470904179531236298e-16 -2.254064558836855810e-16 4.074444192126786191e-16 1.785784038044694909e-16 -1.151083612961052419e-15 2.623134871619114524e-16 -9.131074038417567851e-16 1.565901395750875881e-16 -8.370854521888476117e-16 -8.264918423499427890e-16 -5.052326367917036309e-16 2.428465258039969237e-15 3.013472543959880952e-15 -1.862180000285842387e-15 -1.866896645253478992e-15 3.703073253281563396e-15 -5.432553803983729031e-16 6.852975875432116837e-16 2.708561500495895422e-15 8.550965583746841001e-16
-4.639467043953924262e-16 6.111452071518875115e-15 -8.498032235745482974e-16 1.544494596778720353e-15 -4.289282264481590235e-16 -1.819596404989789705e-16 7.849768816606326271e-16 -4.443052398303922871e-15 8.329135029400964467e-16 2.221498142750574021e-14 -9.266172104163351547e-15 -4.949310855906155644e-16 1.025624311640357405e-17 1.222405747061414887e-15 -9.207260499431065584e-16 5.103862556853518827e-16 -9.055913362874243355e-15 4.489582146329928455e-16 2.384838698309071968e-16 1.842236977779442425e-15 5.168918220306672251e-17 1.200497229997669003e-16 -2.435892241275219309e-16 -2.799036779500776879e-17 8.878435211415171338e-16 -2.252869565521277257e-15 5.285437039049415800e-16 1.152558475059140720e-15 4.046950403347614817e-15 -9.472071626343575873e-16 -2.267796562262643309e-15 1.237601214111122835e-16 4.724187737812220071e-15 -6.107988145535350511e-17 1.700927588824760793e-15 8.397162757761558524e-16 3.996985752426291073e-15 -6.924145495287092402e-17 -4.325385698109111107e-16 3.668869711197070341e-16 -1.085092357169543619e-15 -7.153796806911033479e-16 3.417459642498482710e-16 -2.944592344229430670e-16 3.856670570802659470e-16 4.819261702055433718e-15 -1.486837883152288675e-15 -5.209532123224702928e-15 -7.832823329472447431e-16 -9.597730602349244097e-16 -1.132659022988578366e-15 3.830470266241369320e-16 -1.552861783761574983e-15 -1.001170111866185846e-16 4.173200675529554364e-15 -6.427225616345108241e-17 1.027477556590292314e-16 3.790807471128566523e-16 -2.785893632196331575e-16 -1.303855553109091350e-16 4.548151201018181330e-16 3.268753514496736594e-16 -1.546263986567915162e-16 6.021224526608122907e-17 1.517504278794646249e-16 8.283740735502908834e-17 -4.192715976219358230e-17 -7.702921774918666142e-17 -4.879704365698606843e-18 -5.222903139084198313e-17 7.570695063614445808e-14 1.148116297251108111e-18 3.163290326480271174e-16 1.710717202391449009e-17 4.216149801029496341e-15 -4.841374653488921916e-15 -9.342537020317150773e-15 -8.646480613049946811e-15 -5.026849487228398267e-16 -9.056759729043043207e-16 -6.387303324552297443e-15 1.306088127487932431e-15 2.521080874490663059e-15 8.236397365821164135e-16 -6.309148252733219919e-15 8.750865834961598549e-16 1.103097216377606166e-15 -4.409063110923654487e-15 -3.085611539496365738e-15 4.239106362676809597e-15 -7.566107245915547921e-15 -4.151253980348909067e-15 -1.606909123749843090e-15 9.647031459565514175e-15 -4.571090052710090504e-16 2.481903397634573299e-16 -3.956070074036099927e-15 -2.681694643587356356e-15
-4.854379807668272552e-16 -4.326115405638959403e-15 1.548938133360824763e-15 -2.961623223212855344e-15 1.518366071984609931e-15 1.426463644792565914e-15 1.491532121696009742e-15 -1.934464453556180887e-15 -1.118353256097189680e-15 -9.266172104163351547e-15 1.619689756365573587e-14 -4.508517802508813296e-16 -7.540387727312724675e-15 2.184575035378874311e-15 -1.848189686777094788e-15 -4.994506934350319340e-16 -4.057068327282556979e-15 -3.738482765512100350e-16 1.294160332425082668e-16 -3.563471806082880379e-15 -8.135019421132715917e-17 1.172352086863686086e-15 -7.288858930418807311e-16 -2.630406809088704690e-16 -5.482921961316241046e-16 -1.689428147695166219e-15 1.322465623704380736e-15 -1.100713626496745860e-15 -2.999749010354080674e-15 3.847961537203615721e-16 1.468671883791004118e-15 -2.909306909936231147e-16 5.712628601239575947e-15 2.015472249325140125e-15 1.820681191874076754e-15 1.021430259353447498e-16 -1.689182830506768832e-15 6.249077167581131718e-17 8.393086743611992402e-17 -4.678550733804381638e-16 3.954443985094560454e-15 -6.016211718128272964e-16 -1.021332701571212997e-15 5.193363851877797933e-16 6.198766011239558513e-16 -4.584958100247903292e-15 6.090250149911233311e-15 2.705649121256416650e-15 -4.735128476766510592e-16 -5.880123088467875160e-15 -4.253594824600343027e-16 5.214116746987727932e-16 8.935059251047541629e-16 -1.132432430192238352e-16 -6.181654584308206594e-15 -2.233742839754894179e-16 -4.882969573725683186e-16 -3.626599123073069940e-16 -3.401032896545333857e-17 2.610152733227420990e-16 1.682904013382502353e-16 -1.223462523647826986e-16 -1.326793185348222805e-16 -1.977533970028654975e-17 -3.231488299406705836e-17 4.647918359234303403e-17 2.755196319032764842e-17 1.025432126486283579e-16 2.959047745839205928e-17 3.102611063783612128e-16 -7.279753568471339184e-15 -1.032811038496659415e-16 -4.587754221156294645e-15 -4.605030051749036168e-16 6.625231283206023207e-17 2.945589745964863516e-15 8.512863899619745510e-15 7.534747338161202799e-16 2.775531326568324226e-16 3.163885113460256434e-16 6.497524476808308912e-15 -8.852441669752355291e-16 -3.636744736846694453e-17 -1.582187339034789500e-15 3.853463653874794282e-15 -6.859834945205474581e-15 2.283451211901455966e-15 -7.306166746177968863e-15 2.597821474141248195e-15 1.556728254318664064e-15 -3.856116128570582402e-15 4.995075469358602375e-15 8.300153444960629488e-15 -1.690142928085393003e-14 1.818377871342191379e-15 -5.062943641041433186e-15 1.444009916547669587e-14 2.883246316703608564e-15
-2.781550512690803476e-16 1.446244140319757917e-15 -5.349169260806204053e-16 -5.210558939768945206e-16 -2.301319889441221433e-16 8.181316899847889723e-17 4.499859245998197846e-17 1.458341471631212772e-16 -7.771451219122300017e-16 -4.949310855906155644e-16 -4.508517802508813296e-16 2.851051011902565529e-15 -7.139113347637671755e-16 -7.251741847634526066e-16 -1.070211204491711448e-16 2.686876441902795552e-16 1.068583488908238066e-15 -1.798281142017514425e-15 -2.318475974125093591e-16 -2.339334540820811115e-16 9.567949734173703697e-17 4.094252713701503122e-16 -5.777101839821993738e-16 -3.216120734446455984e-17 -9.733478197233297199e-17 8.214069448788551511e-16 -4.097881291153453882e-16 5.631842193497294741e-16 -9.171554824981332815e-16 3.420246963896569041e-16 6.231500326062593399e-16 3.655204153120308329e-17 1.377770642594093489e-16 6.321801058680095931e-17 -4.297446022167670032e-16 1.625962837359965583e-16 -1.868205623449905764e-16 1.510454801931808776e-16 -3.587937584732263983e-17 1.654363887994073116e-16 9.266459828390063807e-16 3.874981651950875408e-16 -1.329360289761486443e-16 -4.048720569273048521e-17 -1.080859392882650280e-16 -9.475978963906505856e-16 4.782923122119659840e-16 -7.080795135455372611e-16 8.105214804320494879e-17 6.325034455987910763e-16 7.459628827593192578e-16 -7.968887075913212538e-16 4.212365751116900754e-16 1.593518938233451452e-17 -1.412821330821381653e-16 3.431939744115929630e-17 7.109095244656365418e-18 -9.918458884964360055e-17 4.597115525276596657e-17 1.849344329602744289e-18 -9.540954261769977494e-17 -3.184472890802943208e-17 -5.947787205450269399e-17 -1.355347427353612506e-16 4.266680286911165182e-18 -5.440141734591793537e-17 2.826271056977679791e-17 7.780847740881680952e-20 6.512385946773943885e-18 7.505263732568593596e-17 -7.128725156787665169e-16 -1.444929750771348260e-18 2.817119661627915376e-17 6.301318174793713257e-17 1.559512289422848807e-15 -1.421537543555045274e-16 -2.969703459657851191e-15 -6.166472153702905005e-16 5.117376630418687882e-16 1.659715390987505567e-16 -9.573314383625926330e-16 5.588718861001090848e-17 9.454389034505007097e-16 -2.866574131289782060e-16 5.883622219836520349e-16 5.982101151954009357e-16 1.693018607002990058e-17 1.091997676725721404e-15 1.119643997655162488e-15 -3.490928216020907530e-15 -5.424172058645909178e-16 -3.774995253028685087e-16 8.027771467722810625e-16 -1.075107720640222202e-15 2.971588660380792111e-16 -1.087307022358013572e-15 -1.985680483520604441e-15 -2.867176289947454031e-15
2.793323932274742623e-15 1.276597979809604008e-14 -7.257073203139007331e-15 1.014584522539324623e-14 -1.921221663985648119e-15 5.038771467533148490e-15 7.926430104213799608e-16 -4.684745407177380628e-16 -1.101341080918791096e-15 1.025624311640357405e-17 -7.540387727312724675e-15 -7.139113347637671755e-16 1.855556806005976868e-13 -2.436684850513311219e-14 1.433467263944755301e-14 -5.907558187200195804e-15 2.477246144775542721e-15 4.178691927053358901e-15 -2.371724354691870749e-16 2.609300027507029552e-15 4.156184097899337141e-16 2.461172637491074466e-16 4.568959584312329508e-15 -1.403563268362369197e-17 -2.477542245596622221e-15 1.125359472462264824e-14 -6.883057459634448890e-15 -1.322251372868579765e-15 -3.290110240028895667e-15 3.499145512473357891e-16 8.541162306848222325e-16 4.301655152040888332e-17 -1.473720087141894893e-14 -1.000690782788576712e-14 -1.004703612970499833e-14 -8.281919121636004870e-15 -8.316900221543927672e-15 -4.963982569712911313e-17 -4.254946930156865392e-16 -7.462494369865786066e-16 -1.570493037452873618e-14 -1.777718846204559673e-15 1.836329956583019811e-15 1.178500028971661153e-15 -1.645207857123882910e-15 -2.954437021788116620e-15 1.725766078780230641e-14 -1.688881583872258781e-14 5.242638911329321076e-15 6.217516492506166867e-15 2.113997356733933348e-15 -2.680621912439419873e-14 3.548171359560570140e-15 -4.976307911846293331e-17 -1.489613072630944599e-14 -6.897334682960704873e-17 -4.195271390415088627e-16 5.487029672148782363e-16 -1.191800653502712064e-15 4.931520658629230960e-17 -7.541026839393399063e-16 -1.904805428921975245e-16 -5.254721157002206985e-16 1.514161175827305964e-15 6.749322140637655052e-17 2.276802053490262285e-16 -2.537064429670098621e-17 2.638751129639362995e-16 -1.100680648561660274e-16 2.837627488816074915e-19 -2.212433943886149263e-13 6.610849061367580704e-17 -1.063891051806091980e-14 -5.900984502491112960e-15 -1.125129106087092025e-14 9.399789156963685219e-15 -1.687896387408448052e-14 9.538522448295941429e-14 2.434277558054379882e-14 3.326459341792419122e-15 -1.771712399667930216e-14 -1.861363756320034924e-15 -2.757282525134539091e-15 1.859079415801030992e-15 1.383783053560666892e-15 2.222130797181935478e-14 4.341282156804993877e-14 3.209306020520761484e-14 3.466285952022347981e-15 -2.999770748773125432e-14 -3.150273949573515338e-14 -5.649048788122508660e-16 -3.043556284584712357e-14 1.304181329888031352e-14 -5.879872899151043771e-15 -1.113218271827444297e-14 4.912525662343888457e-14 -5.019744978603705633e-15
-1.194702689846891492e-16 -7.239945131268823527e-16 -1.930729302700975179e-15 3.152887259088734252e-15 4.114035201413786251e-17 1.105681142382745262e-16 9.668888082955658649e-16 -1.872175393587231395e-15 -5.570206471146270598e-17 1.222405747061414887e-15 2.184575035378874311e-15 -7.251741847634526066e-16 -2.436684850513311219e-14 2.726574231469358509e-14 1.207727873126713891e-15 -2.231134504557489664e-15 -1.931313811721601682e-15 -8.577055245644962521e-17 -8.381660427595663412e-17 -3.933217507568814504e-16 -8.412646550140701596e-16 1.413523193516434811e-15 -1.453940823190837212e-15 8.678764920832176214e-16 5.920817460998070268e-16 -2.293583475089709117e-15 -7.574689006674164207e-16 2.317747191928377540e-15 1.612802033276124673e-15 2.785332966501851042e-16 -1.190918311247528046e-15 -1.368051812221024550e-16 1.650487609925350251e-14 3.793790465607965217e-15 -3.760316445011935054e-16 -5.315203337906668973e-17 4.972165920018186832e-15 2.851803447188119290e-16 7.674496595618099921e-17 1.322035808368964008e-16 -1.763746620869365868e-15 -2.069426956554317037e-15 1.403047505615568917e-15 5.982715718592165891e-17 -4.206937227903509638e-16 -2.477076217435968852e-15 1.422635354623282460e-15 1.776732254391082181e-15 -1.245163427894319003e-16 -9.539398978226805305e-15 5.442135305711836894e-16 -1.087833705794879215e-15 1.830999371527276707e-16 -2.862123697218413218e-16 3.837991043659114429e-15 3.538323008109427024e-16 8.857779837688590381e-17 1.924089662827369815e-16 1.496850916635511778e-16 -9.915305445085304231e-17 1.810049943271487287e-16 -5.994507982511532185e-17 1.319982773545776728e-16 -2.124048843734305300e-17 2.413747736529154740e-16 1.401106129727268558e-16 -4.435716403886887069e-17 4.707907369755635391e-17 5.617055372441398187e-18 2.655941771530325272e-16 2.924235778628629859e-14 -5.625432327786111525e-17 -2.101860190681917956e-15 -3.616912670316402001e-15 6.803651233787377414e-16 -2.316501870996363796e-15 -2.202869498506554419e-14 -7.498119987500469422e-15 -3.077491404449915835e-15 -7.732765562295021825e-16 1.074439277776661895e-15 5.972057342216880130e-16 5.440050321637519298e-16 5.200352248466267415e-16 2.966472596544505430e-15 -1.703306944606371839e-15 7.131041689666880308e-15 4.270890693005415825e-15 1.289614110922826813e-17 -2.583902842819468078e-15 -1.342353144399396131e-14 -1.939448173179540486e-15 -2.735632045337908439e-15 3.119641892722872531e-15 -1.410446271081963066e-16 3.350485534245798244e-15 -7.686331554643439722e-15 -1.468117385884426038e-15
8.128881946690200074e-16 -1.354985762143208200e-15 -1.363976046698540444e-15 -5.517525700841128836e-17 -8.491698114463728074e-16 1.835976046309894292e-15 1.091180276202988291e-15 -1.493734639715469379e-15 -4.051345688336823687e-16 -9.207260499431065584e-16 -1.848189686777094788e-15 -1.070211204491711448e-16 1.433467263944755301e-14 1.207727873126713891e-15 1.736029196268832986e-14 -5.679828658980794948e-15 1.727118565655155895e-15 8.211623232452552300e-16 -4.037326934467608456e-16 5.376401881921577615e-16 -1.868063109003220416e-16 -6.006682234782135360e-16 4.280359440144218763e-16 7.769231637168554500e-16 2.089571175295582717e-16 -4.319575864952145162e-16 -5.851144414264797660e-16 4.514354299910117480e-16 -7.853957924834878058e-17 1.168055352000725536e-15 -1.016395577386202985e-15 1.182937822606087737e-16 5.231709758982408885e-15 3.531490064610627535e-16 -5.697990445589003824e-15 -4.968887017192218337e-15 5.628999941624846557e-15 6.326757864764089244e-16 4.368361136131616474e-16 1.661690395050881890e-16 -3.835848235258001419e-15 -2.903218991255303762e-15 1.196622020208798207e-15 1.194087023030363105e-16 -1.230771010463130076e-15 -1.089115674204016692e-15 2.704723738932370655e-15 -1.820771055197869596e-15 2.048000983195584778e-15 -7.939259817553580997e-15 4.371916117165588314e-16 -4.316472349698645746e-15 -1.794600288061711129e-15 -2.978387814557476657e-17 -1.988972445989586964e-15 -4.405325135271224110e-16 4.439023866055705129e-17 -8.681397258512355129e-17 -5.048200729951631324e-16 -6.267979667739986083e-16 -2.755439203116059453e-16 -4.324003018842181654e-16 -1.175204309502371019e-16 -1.591067275392810166e-16 -3.010417858503685190e-16 1.118187735666916613e-16 3.025315879726801530e-18 2.587168128100820657e-17 -2.142072871835039800e-17 5.713894774042022851e-18 -5.540987033029098591e-14 4.721553590455739287e-17 4.431469055860048084e-15 3.564795375728363861e-15 -7.926418576480907462e-15 5.352836280244734140e-15 -1.127159334766753157e-14 1.980027189633115292e-14 -2.671715242177676289e-17 8.425703402116931318e-16 5.448873315639660411e-15 -5.919338867457728757e-16 -2.445347012402719184e-15 1.027198929867998132e-15 -2.118842364314101122e-15 7.939423809510268883e-15 1.980680989203957592e-14 2.847802774562996442e-15 -5.752413972733746587e-16 3.789216833533789445e-15 -1.199693867560544670e-14 -7.773960587782456481e-15 -5.666706759296720175e-15 4.699533022932877869e-15 -3.540368802667063974e-15 -4.845163602939425273e-15 5.630647932230167991e-14 -2.310841484464303911e-15
-2.405243400952031548e-16 2.601587296631377596e-16 1.022402657400641907e-15 -7.951015475727642930e-17 -6.309062125181883933e-16 -1.592566287832291721e-15 -5.352208912766702878e-16 7.410501789992255643e-16 2.938494852094070483e-16 5.103862556853518827e-16 -4.994506934350319340e-16 2.686876441902795552e-16 -5.907558187200195804e-15 -2.231134504557489664e-15 -5.679828658980794948e-15 1.105804331850433502e-14 -5.757951751492300889e-16 -5.763950080762523106e-16 -7.684720940095659631e-17 1.986026186108129426e-15 -1.085783812561649868e-16 -5.088743101875198661e-16 2.206930136086893862e-15 -7.286543556450088623e-17 -1.435697023184416296e-16 4.583464621799934156e-15 -9.907196451302574214e-16 -1.769190807103375245e-15 1.836558863188046322e-16 -1.315255501623842977e-15 6.350501949287381508e-16 -9.282456708810936960e-17 -1.205877140551494065e-14 -2.792221121734008996e-15 -4.816938910195966393e-16 1.257524240974707064e-15 -4.633390006113816514e-15 -1.228732546352794478e-16 1.479858598373190290e-16 4.465806800666628437e-18 1.795633329168016550e-15 9.772142086281545057e-16 -1.138522739662007525e-15 -3.333234900469825572e-16 3.204737626201892915e-16 4.287481089516506959e-15 -1.056458736345945211e-14 2.664059565073029216e-16 1.692773539816228784e-15 8.635814358147815540e-15 1.901417969940735258e-15 1.893433965913423383e-15 -1.036472476818920180e-15 2.870744006465065868e-17 9.925845032388959804e-15 1.617362060452933403e-16 -7.449239404659903318e-17 4.859223346823608193e-17 1.944538015637181888e-16 1.393036833031421651e-16 3.471967126615815427e-16 1.050274209156044370e-16 8.970780172402438188e-17 8.352661333290276745e-17 9.362232617510634045e-17 -4.983054322359648427e-17 3.007220446998850681e-19 -6.872909070554353720e-17 2.704883406333006090e-17 1.865213293259337677e-16 1.808052730573106823e-14 -3.775378699088270496e-17 -3.037518016576825531e-16 -9.222196624333527775e-16 4.904423651245148959e-16 -3.012000923785794234e-15 9.698347710868090865e-15 -8.128902331000478749e-15 -2.213616806992781813e-15 5.972969191795564816e-16 -4.626234237176540073e-15 -5.176290036824350237e-16 5.482254059056894058e-16 7.665394590347301993e-16 1.285584711968241107e-15 5.174023072177558749e-17 -1.383363047507964481e-14 8.962736206419915772e-15 -1.129426507122827981e-15 7.443325616512295856e-16 7.936056845148434826e-15 2.899106695182882897e-15 -6.560636400439279468e-15 7.057939450096455367e-15 1.409780061644061899e-16 7.548254263804472973e-15 -4.100058506014391427e-14 3.398018369029398796e-15
