1.443448760460965390e-15 3.863721726301788208e-16 4.741548911719238037e-16 -2.704706167416146082e-15 2.372052726141704347e-16 -8.869091450022894768e-16 2.420939930274626012e-16 4.903992200774945237e-16 -4.729478015051867654e-16 -1.060910308332682385e-15 4.289119621920251464e-16 -1.068917481612851150e-16 6.788335676949119269e-16 -3.594494508731280292e-17 -2.330319797423244530e-16 -1.221997202879882919e-15 5.968429171411229350e-17 2.994518068596989429e-16 2.635893795746194505e-16 1.058230124573954337e-16 3.524143879802920484e-17 -8.006343389084023461e-16 9.157058058501281915e-16 5.138255698490587437e-17 -6.611008969272100149e-17 -1.321240366795097641e-15 -9.917671662942802009e-16 -8.417271603133176949e-16 9.787591607049009660e-16 3.009231521096939501e-16 -7.601930390572433545e-16 1.356766150452691697e-17 -6.099525590500150574e-16 -4.902980136006177119e-16 -6.058527474590552318e-16 9.523237294082041713e-17 -2.012875851418441761e-15 -1.014851238915055031e-15 -2.911479332677428871e-16 -1.169903059757555118e-16 3.615487861120159111e-15 -4.054814246649352488e-16 1.255758635648136894e-17 -8.866518929165220836e-16 -2.307287918020042103e-16 1.273818981304161656e-15 -6.748645067071571832e-16 -1.455613535112431568e-16 -1.046696994708650029e-16 -4.982124245371281933e-16 4.022723797135767758e-16 -7.747758736944200090e-16 2.052362899086933295e-16 -8.366731098519213565e-18 3.077591548688932895e-16 -1.093558357167534117e-17 1.510010569754376179e-16 1.395075497669774543e-17 1.467830360972677146e-16 -2.517095168874448627e-16 -1.446645666974066129e-16 2.892788581241366386e-16 -1.819154226970836015e-16 -6.696167479539622391e-18 3.593894845830991303e-17 4.936359877784432631e-17 -3.511641746520718090e-17 1.701641997069570410e-17 -1.049084502099765696e-17 5.235674061066842195e-17 -1.776086357654236643e-14 7.050808172022917451e-17 -2.053690956828136509e-15 7.428855324775463006e-16 2.318994106712219627e-16 8.693670813977870727e-17 -1.457135475965654075e-16 7.566750642772375550e-16 -5.071792261428062581e-16 6.004664684475075563e-16 3.785579377015181064e-15 -7.344200395740566280e-16 1.102840818619258177e-15 -5.394195703408725908e-16 1.259358554966194431e-15 -7.412385371314311765e-17 2.312157483974020271e-15 -4.543072261426978449e-16 8.726039959822872042e-18 -8.261102822233292003e-16 -7.575004673135975494e-15 2.225039312653836640e-15 -1.939474760309270028e-15 1.495749042159459074e-15 -1.915445311448366569e-16 1.919331529786300431e-15 -2.987133416968786453e-15 5.768128012558811431e-16
3.863721726301788208e-16 7.349240548425582277e-14 -4.660840828518719265e-16 8.030283757189154454e-17 2.054988216151022574e-16 -6.052815841844482591e-15 -5.944884475551558587e-15 -7.190548817984931610e-15 -2.875082560860520046e-16 -8.496203460602422954e-16 1.787953022082362484e-15 -3.992184384018343183e-15 3.353656057392488029e-14 -4.393742892634754158e-15 -3.519830187325340881e-15 -1.509864892218733174e-15 3.095824936514063676e-15 9.865450809916858451e-16 -1.132342516232884988e-15 -6.476027881814387208e-15 1.131604402239304233e-15 2.334291731917002895e-16 4.234913917755388694e-15 2.313809662254828030e-15 1.639074219808887655e-15 -3.504614558296735644e-15 1.573683299555023247e-15 2.465490790394278212e-15 1.834938660735070884e-15 -3.013553018509301852e-15 -7.954020167953027130e-17 1.629904904402038822e-16 -5.292234711673826715e-15 4.711138315935759208e-17 5.959480942115553159e-16 -1.559870910882107890e-15 1.513371253171855860e-14 -2.319336035922327268e-17 2.705499836066506332e-15 2.642892323211887914e-16 1.144728497707934426e-14 -2.340712619633072835e-15 3.021531862078754265e-15 -2.725847878876163803e-16 4.541216941178082332e-17 1.019804032119369908e-14 5.640959177235892337e-15 -2.488845853073912165e-14 4.027968683801962558e-15 -2.611930438362369078e-15 3.126745068807411399e-15 3.298172897199660517e-15 -2.172244090017401508e-15 -3.840649047671200046e-16 7.403569779307506106e-15 1.427723801223523916e-16 2.209835925555907692e-16 -2.243932601708279532e-17 1.174128277782299717e-15 6.916935290869423718e-16 -7.009649215146241612e-17 7.960047502516584122e-16 1.073618038269051167e-16 -6.866602199499644847e-16 1.101010948703087940e-16 2.239340696875603272e-16 3.425256631012980907e-17 1.249346091899597315e-16 -1.084954972167674891e-16 -3.987058016602336448e-16 -1.102085854443679644e-16 1.730308513486541736e-16 1.054483970007928805e-14 2.215718472428364645e-14 -4.221292688167001930e-15 -1.032590268325206126e-14 -6.129854055866157345e-14 -1.027105551078719511e-13 4.912017299977515280e-15 3.168032339296455486e-15 -6.965093653818500811e-15 -5.064958729724060006e-15 2.712011141310578657e-15 1.055220857051357310e-15 4.953539308633226449e-15 -5.813972965772217857e-15 -5.230044281094292168e-15 -1.674401507759905092e-14 -5.235840941843534137e-15 -9.835764430039018142e-15 -1.122190837706898618e-14 -2.501296571508690944e-14 1.556789127262438837e-15 6.493298528538730123e-15 7.735398423959222003e-16 -1.002359566278541481e-14 -7.342642058788996903e-15 -1.792576093720115725e-15
4.741548911719238037e-16 -4.660840828518719265e-16 7.974136031180881945e-15 5.641736134867066239e-16 -8.208429967707056565e-17 1.376686618372653227e-15 -1.711321220221248215e-15 3.557507105540504000e-17 -1.019090431707539010e-15 -1.200819172260371083e-15 1.795538544522056443e-16 -1.108595969241261989e-15 5.212552552127203072e-15 -2.803498103267910579e-15 -2.496685335514636289e-15 -1.524577845392382381e-15 -4.589342774474885135e-17 1.450628361741862827e-15 -2.006624085555205441e-16 -2.049147496294969740e-16 7.467506468588295717e-16 -6.165296318979547173e-16 4.985805859179690376e-16 1.011428888799083470e-15 1.309387300369849208e-15 -2.977098563584840394e-15 8.048374209614763422e-16 -4.495602125962942918e-16 4.687522352149870460e-15 -1.116054401754147453e-15 -9.478896759513307189e-16 -3.553195602180512157e-16 -5.924302157477005150e-15 6.166270329815441899e-15 -1.585812298657956505e-15 4.015395830834976718e-16 -3.631566126170013911e-15 -2.569534828931456727e-16 5.987282941997077900e-16 6.479455226325758651e-17 5.396067002161117470e-15 3.282301310770985385e-16 -3.827170285122748703e-16 -1.851689100753528155e-16 2.686314754405170077e-16 4.115263088605275750e-16 -2.790254117580195578e-15 -1.387776863937095140e-15 -6.713173689916697185e-16 1.736249818712130924e-15 -3.338949496280712962e-15 1.603054989358517812e-15 5.621847522411881756e-16 -1.704891855824082748e-16 6.027476765273015755e-15 -2.514612923141901856e-16 -3.542591640545666373e-16 -2.318594030021232722e-16 2.142360037081035096e-16 -3.353030700951459779e-16 -4.581479192899207002e-16 1.270434470512775564e-15 -5.072257546018856021e-16 -1.008545718276739955e-16 -1.603084948784042262e-16 1.795365744931224839e-16 3.681534073138210901e-17 3.989446896807291440e-17 -3.521385767793010883e-17 -2.223432540956417089e-16 -1.153151280796824593e-14 -3.564868302380859662e-17 -1.103650826742704127e-15 1.422283674287352562e-15 2.755798534561825829e-15 -6.704488903054141859e-16 -7.583123857309623157e-15 -1.080905559928117709e-14 -4.661937027590914170e-15 1.539117968067221384e-15 6.427650643136236547e-15 -8.919207323788212738e-16 -1.001245110552873700e-15 -1.212904154131383372e-15 2.895353469727669013e-16 1.720027272028185018e-15 8.095720342821216344e-15 -1.056710652627752285e-14 -1.374338829239587369e-16 1.783821330388659561e-15 -1.631469523345571001e-14 -6.622445916581212624e-15 2.230113975920411288e-15 -2.766824871024835405e-15 4.097042766846174559e-17 1.434633949347701608e-14 -1.445463835766177095e-14 -1.539163260388529332e-15
-2.704706167416146082e-15 8.030283757189154454e-17 5.641736134867066239e-16 8.374924765362375353e-14 -5.076990562917022626e-15 1.918404386505504368e-14 -9.099877450251768441e-15 -2.638075745430242017e-15 -2.925934523683741178e-15 2.782567949669221300e-15 -2.401170225574606565e-15 1.215188895743438228e-15 6.128679932663991203e-15 -9.857399089485829696e-15 -3.769093203435169844e-15 2.331064919522012571e-15 2.486100911211662091e-15 -2.408778985551932302e-15 -6.370187348879150693e-16 1.859773267342120187e-15 -7.458737247323506858e-16 -3.580711076582165034e-15 -2.620822548639261669e-15 2.137182359749594367e-15 1.350713717781505737e-15 -7.885519185731769405e-16 3.230590295843581276e-15 6.378914319474096571e-15 -4.951940859185552787e-15 -8.343446714977169300e-16 6.124690586791007343e-15 1.298930077704343981e-17 2.635466160463727651e-15 1.059535081273656276e-14 -5.506217525707899534e-15 2.828720596885717004e-15 -4.109417744499039738e-16 3.826803712518719179e-15 8.486991114005861540e-17 5.789374057102118379e-16 -2.191591914932318329e-14 2.181815215793325163e-15 1.205651153180119947e-15 3.503718267511400994e-15 7.265831821817181763e-16 -1.519160637177131677e-14 2.055926661905391824e-14 -1.901062771660714381e-15 -5.535007006598345525e-15 -7.295545836207708922e-15 -6.647534327959149168e-15 6.606727420665449577e-15 1.951815234539446143e-16 -1.140440996573734974e-15 2.757650272719006427e-15 7.112269092068305203e-16 -4.964212661821192658e-16 -3.711717835110084739e-16 2.653988714726441473e-16 1.870493380637217712e-15 -6.313045577845895498e-16 8.606028769912669512e-16 -1.042491836542672839e-17 -6.089322952522583878e-16 -5.114622282850553668e-16 -4.033085224111336947e-16 3.214305574349256579e-16 1.743267947605494504e-17 -4.897896592857929384e-17 -2.265621214983291631e-15 -3.282663491628580680e-14 2.613611991456998797e-17 1.253382972684041292e-14 -2.936661031620145654e-15 1.082334858301275890e-14 -3.098094128010089161e-15 -1.620527725392957276e-14 3.403096044716637160e-15 8.383469531504196635e-15 1.524410826766465562e-15 -7.260203988036246572e-14 3.903641300135506805e-15 -1.347173175739598019e-14 4.310974682079871085e-15 -1.259220528055582392e-14 9.264339597967098598e-15 1.881679498874906235e-14 -3.115990985275471997e-14 6.286536560276433051e-15 6.999513408599583942e-16 3.926844010067529603e-14 -2.632091508516485955e-14 1.481335191144975560e-14 -2.973795499495825453e-14 1.518113426361313110e-15 1.596702329302301425e-14 5.634383518845043754e-15 3.717607085548690633e-16
2.372052726141704347e-16 2.054988216151022574e-16 -8.208429967707056565e-17 -5.076990562917022626e-15 2.055343584916166303e-15 -2.321067616432076494e-16 2.125171159362102634e-16 -3.434741759294132148e-16 3.205099238920092803e-16 -7.090451366874179656e-17 7.771410756989622633e-16 -3.593974736842522831e-16 6.399013115091051759e-16 5.229763204023445562e-17 -2.115743754749248388e-16 -3.364905030266879056e-17 -2.402929870834852485e-16 2.963626121873832690e-16 -6.951263908332505285e-17 -3.602204127771049833e-16 2.891395870267481691e-16 -1.802056725381434845e-16 1.980187267154977421e-16 -1.109006013533287511e-16 -4.667156958668069743e-16 -2.376435615288602610e-16 -3.121547189791959356e-16 -5.816219455172655296e-17 -9.356166924338145797e-16 1.772306748729767289e-17 3.392723827620972276e-17 3.096820805620627840e-17 2.938534296806776707e-15 -4.796255579913277062e-17 2.518307884223950372e-16 1.019116195427155622e-17 -6.814039378501693109e-16 -7.011683293404666204e-17 2.258918221470340247e-16 1.110864961241575916e-16 -8.165602860830434543e-16 -4.572813961937384920e-16 -1.547200498849869825e-16 -1.430477165973102320e-16 -2.346684706691565920e-16 4.382542139382102336e-16 -1.498137205103104610e-17 7.578291999896038745e-16 -2.426408956707796897e-16 4.754809438690626926e-16 -2.640503562876672269e-16 5.570787226581824925e-16 1.943314680330740831e-17 -4.073125513604676711e-17 4.054914465886287040e-15 3.898998019298978867e-17 1.099364576374582505e-16 7.630658650354852290e-17 7.216392594250971669e-17 -8.500095708950379195e-17 -7.661003866359487620e-18 -2.362986198119368085e-16 8.508438923824175961e-17 5.955455002566935691e-17 -2.480055829507751003e-17 3.151854760679854833e-17 -1.302296426512642489e-17 -8.119263757961049714e-20 -4.498836843833303369e-19 1.280138961690077527e-17 3.392379199991679651e-18 9.775841614076740027e-18 -1.003548111005272522e-15 -2.235662045143031183e-16 3.864703659030756185e-16 2.730180744154015099e-16 1.337333635003391230e-15 -4.343029664522156136e-15 5.064383464563481683e-16 -1.692829103675926949e-16 2.094726270780802594e-15 -1.295599279522339122e-15 1.354144797917854173e-15 -7.631703323018933347e-16 3.504503500411581187e-16 -6.760578574565051687e-17 -2.973273133309610631e-16 1.277455995017381945e-15 -1.563615815548777319e-15 3.253361267384002386e-16 7.730182845694303498e-16 -1.461152441618206786e-15 3.704014151639960622e-15 4.866117760538015251e-16 1.011779900694630275e-16 -5.283882042805298229e-17 -1.018360986315997745e-15 -1.033900251290750676e-17
-8.869091450022894768e-16 -6.052815841844482591e-15 1.376686618372653227e-15 1.918404386505504368e-14 -2.321067616432076494e-16 3.610599476150725320e-14 -9.621457532475250283e-15 -3.797345904511915797e-16 -1.003412756361514330e-15 -2.357111102266819377e-15 1.025310894848671162e-15 8.119474047951890132e-16 3.886076886926676008e-15 -7.174480112183204661e-15 -2.954922771331824987e-15 1.087812974044140078e-15 2.146980067221360542e-15 -7.225378728700788007e-16 -5.606513583689245688e-16 3.751922304288785110e-15 3.101667347974282754e-16 -5.962779877218334703e-15 1.675411536395476268e-15 8.555921878224093903e-16 5.784741519447460053e-16 6.180531644910073771e-15 -1.470737408927805486e-15 2.831989581036085348e-15 -6.080039247514063640e-15 2.314409676960692019e-16 3.817161422796801842e-15 -3.846727712027766449e-17 3.354544651196723910e-15 3.611928355229515730e-15 -2.263541886594151172e-15 2.413091156167024770e-15 -1.294420460226502629e-14 1.190247020846267800e-15 -1.402865528152874570e-15 3.284482710962822269e-16 -2.046222454879467161e-14 -3.214665504001140232e-15 -1.977477263207666645e-15 1.307046588753203201e-15 8.100228433562479450e-16 -1.771904082380754122e-15 4.319595817266476450e-15 1.423613386477662945e-15 -2.433493409748242738e-15 -2.455271185323263506e-16 -4.944875017629803618e-15 8.120637400657143054e-15 2.441724028085189078e-15 -7.027567121622801710e-16 1.118758227708799001e-14 5.611193956054126280e-16 -1.298623945540394685e-16 -1.296301031564270641e-16 2.830571282414023261e-16 5.945626485371168700e-16 -1.470750683933091620e-16 3.247732966428770849e-16 -9.728385424228264164e-17 -2.630927223026552815e-17 -2.263316843022638337e-16 -1.465119460915929663e-16 2.298470547342135477e-16 1.089510401610562933e-16 2.617938127832565454e-17 -1.265820457604101875e-15 -5.654918321959810516e-14 -6.568807293662931237e-17 9.791580704251939293e-15 -1.112298010365597343e-14 3.123503231610908974e-15 -3.579712873554485280e-16 -4.319580780449864232e-15 1.855931320008978425e-14 5.078684685347218574e-15 1.746038653878940611e-15 -2.451351472459740815e-14 8.163034272321482413e-16 -6.155940983375836586e-15 2.096660986155524099e-15 -5.336835224361672129e-15 2.220578769692226814e-15 5.365229056912359749e-15 -1.540973360285029465e-14 -1.471794156033699507e-15 9.242939992784601165e-15 1.784106080854618250e-14 -1.155976717433564206e-14 1.374134998032411606e-14 -1.362061066899944052e-14 6.935976350753360207e-16 1.035743800736067030e-14 -2.274942775705469608e-14 3.144387796875251946e-15
2.420939930274626012e-16 -5.944884475551558587e-15 -1.711321220221248215e-15 -9.099877450251768441e-15 2.125171159362102634e-16 -9.621457532475250283e-15 1.164320712969873860e-14 1.297770598773666098e-15 7.845396617868142117e-16 2.441396060719089817e-15 -1.366195065192910703e-15 1.318673391551817757e-15 -5.079671367588798241e-15 1.846604351623592569e-15 1.306330028181871708e-15 -2.481101603953031530e-16 -2.429735138759269710e-15 -2.505843993045549361e-16 4.275747567539463805e-16 3.880943584954182322e-16 -4.282785838776987702e-16 9.432782518282856642e-16 -2.592134699577108845e-16 -1.322019919687033387e-15 -1.507822285802637866e-15 -1.381280355079421499e-15 -3.442893495270584993e-16 -1.768861301378916512e-15 2.439216531917961322e-16 1.014907622059088278e-15 -1.080279907087722842e-15 1.541568576404219478e-16 -3.927434111591916821e-16 -5.064318755972184734e-15 5.986005180253043599e-16 3.993694966782426197e-16 -3.976580322096029815e-15 -7.579164105002945538e-16 -9.799426107048405408e-16 -5.264320003549010066e-17 4.574380834320700673e-15 2.473053137432637639e-15 -1.713422106173472365e-15 -5.750067709311117936e-16 -1.313842409201898306e-16 2.936767804092807191e-16 -4.312588815418962793e-15 1.432031996462050106e-15 1.327173696963094714e-15 -1.805357012289932612e-15 9.540696808195669199e-16 -2.376261495462055365e-15 1.082205211759075250e-16 4.593104476929798135e-16 -7.415198941718509488e-15 9.719107995905381518e-17 3.621735575799727233e-16 3.229044710606876460e-16 -4.034520762902175087e-16 -4.514067924085681204e-16 3.773787170486797239e-16 -2.450910820367965621e-16 9.500609031898468661e-17 4.163940806688768898e-16 1.817225495065530153e-16 -1.051208439904164209e-16 -9.315789292387523214e-17 -7.144367837187531371e-17 5.084331909535686186e-17 6.156846750375623260e-16 7.739717768712216794e-15 -1.098665977913100723e-17 -6.528574895306376425e-15 -3.989891877157216953e-15 -1.898710333828317501e-15 2.384394201006980661e-15 -3.966748536742531700e-15 1.705375489929566375e-14 -1.258093568113728702e-15 -1.412459063334864760e-15 8.121064111939807703e-15 1.142039139712573079e-15 7.115312477076994632e-15 -1.630970560248473882e-15 1.316719361980086570e-15 -1.008893357368724570e-15 1.229601782346198725e-15 1.028611403313199737e-14 2.370328712742571807e-16 1.709090878088449973e-15 -1.512990500845788172e-14 1.249732719987800305e-14 -8.604387045896512923e-16 1.070380443538729412e-15 -4.514600564919014684e-16 -6.544695626667287527e-15 -2.995827929668438594e-15 -1.547119787628776831e-15
4.903992200774945237e-16 -7.190548817984931610e-15 3.557507105540504000e-17 -2.638075745430242017e-15 -3.434741759294132148e-16 -3.797345904511915797e-16 1.297770598773666098e-15 8.753025462755019591e-15 -5.178051272511558159e-16 -2.400998402502842717e-15 -1.173968715294318342e-15 1.353691296578938112e-15 -7.043471524556041475e-15 9.982008003584692255e-16 1.144267455349940097e-15 9.114471264575477011e-16 -7.224720252254586296e-16 -7.584822526627637374e-16 1.663235574369372111e-16 6.197631500468994194e-16 -1.356649151863630267e-15 9.020033123698571388e-16 -1.982446787969712913e-15 -3.214230720954388908e-16 -3.120504522677872353e-17 1.428695067311732649e-15 -9.045683804070651151e-17 -2.293133921315474010e-15 1.518910295656490844e-15 4.350727136397197520e-16 -4.456879119011286822e-16 8.765571042603081464e-17 -2.964217032543107321e-15 3.038275598693896550e-15 2.416017652006918340e-15 1.322746880489689368e-15 -3.759026571522460223e-15 -6.738912587361709341e-16 -9.830590106965498067e-16 1.743136308809211244e-16 7.155335754643883735e-15 -7.763060652958702748e-16 -5.390479592426827338e-17 -6.711715986115150009e-16 1.301061719780242797e-16 1.753276385300501844e-16 -4.517900083138141826e-15 -8.669896583247634446e-18 1.100962732013545223e-16 3.313866159253868384e-15 -4.924564829591427084e-17 -1.143379787543642835e-15 -9.447018985365371981e-16 2.934850372407964964e-16 -6.626959536948864294e-15 -1.384294355955606638e-16 -3.542023484115881261e-17 -1.419428248964684938e-16 -2.835155551200033271e-16 -3.916898868267130166e-16 -6.659714967721560352e-17 1.289369115264721502e-16 -1.938277798128976909e-16 -1.409874888508502292e-17 2.019410799273691934e-16 -3.495103792020982697e-18 4.042295411155432656e-17 1.302100424498336400e-17 -2.180667338492862200e-17 1.298463727834878821e-16 1.004461468609422944e-14 8.071406917701095082e-18 -4.459724761809715301e-15 -1.139301554312272947e-15 2.610432173071205999e-15 3.663785367583536689e-16 5.437597242435726718e-15 5.876069255420710747e-15 -1.469138286435661134e-15 -4.837310890250700533e-16 4.957098167728667862e-15 8.058063846064764740e-16 3.187774740665511521e-15 -5.838568694802320301e-16 2.666153577506434237e-16 -2.558344887016705532e-15 -8.162286632852196186e-15 1.161880647106947037e-14 2.006865542759494437e-15 -4.902200689511147567e-16 -1.243611373066712484e-14 1.743373636824198465e-14 -7.174702670088896659e-15 4.318411290239745539e-15 -2.221986774017739816e-16 6.155514905975381952e-15 -1.718998334569517215e-14 6.180089589027887230e-17
-4.729478015051867654e-16 -2.875082560860520046e-16 -1.019090431707539010e-15 -2.925934523683741178e-15 3.205099238920092803e-16 -1.003412756361514330e-15 7.845396617868142117e-16 -5.178051272511558159e-16 2.970457812021503947e-15 1.252248646641047849e-15 -6.636550102856020927e-16 -7.487183301144690135e-16 -3.235940948876718580e-15 -2.461963898725557206e-17 -5.710821344820135306e-16 1.010132609717419306e-16 -2.711451466469783890e-16 1.417402542717405384e-16 -7.021996702210716735e-17 -3.723301587872266898e-16 5.984793879077503947e-16 3.030621373039791069e-16 -4.704635297344638106e-16 -6.562011362576707710e-16 -9.597964012783435686e-16 1.373610832166497118e-15 -2.712580115053353987e-16 -1.028455965528276964e-15 9.002094567914531344e-17 -5.194157178014655116e-16 5.492619763122759480e-16 1.909421762839363081e-17 1.546619400669132314e-15 -5.173196318398746074e-15 6.731770952743313650e-16 -1.201592705580202584e-16 4.976154310137728630e-16 1.477640647666424807e-17 1.872771893185768927e-16 3.280672533508422004e-17 -1.785316782314377258e-15 -4.603868767327711821e-16 -7.215411732685347917e-16 -1.311943096222126201e-16 -1.280503481307438358e-16 3.826995269790155237e-16 -1.748693055688766106e-16 7.516026744493590517e-17 9.885121533371993141e-16 1.184164952910087166e-15 6.306322500774893563e-16 1.372461390093109811e-15 5.282791508113104396e-16 1.734102562859707456e-16 1.852279864399420245e-16 1.545559279242742040e-16 5.910981994498005398e-17 1.361188910230111501e-16 -9.612770893331459929e-17 -1.400703456410907293e-16 1.911306516489204938e-16 -6.126880842066150288e-16 2.727769181053533006e-16 1.871085058965412030e-16 -5.978313039920244293e-17 -9.036508354088907154e-17 -3.525776824823475981e-17 -2.316757575475810447e-17 4.128405402328701817e-17 3.933888110166115427e-16 -2.325463644501306057e-15 -2.050528508096664511e-18 -3.249174668962667777e-16 -1.435909685143248812e-15 -1.878319410304374711e-15 1.772874385487900365e-15 1.982483936853663681e-15 -9.638325249089024055e-16 -6.078121132296562280e-16 -6.097537777810975755e-16 2.012201199064832237e-15 2.441953203585315214e-16 -6.887982856501669147e-16 -6.246224488911781309e-16 -4.929041214015152617e-16 -1.464894772194439158e-17 -5.545014179967234451e-15 6.076849169903619618e-15 -9.131496303278720149e-16 9.867908709953050629e-16 1.537976011670912675e-14 2.620157703429467848e-15 2.680946547081738986e-15 8.995374877955627896e-16 1.878087900461271720e-16 -4.839241466813104349e-15 2.043425332528426807e-15 2.567709004164250927e-16
-1.060910308332682385e-15 -8.496203460602422954e-16 -1.200819172260371083e-15 2.782567949669221300e-15 -7.090451366874179656e-17 -2.357111102266819377e-15 2.441396060719089817e-15 -2.400998402502842717e-15 1.252248646641047849e-15 2.349731855457991425e-14 -1.195105869243454074e-14 -2.882525528414824873e-16 -5.770038062390497363e-16 -2.253132199080263510e-15 -4.429142587007704006e-16 1.687237238495494425e-15 -7.695025721129529608e-15 1.249685757190090643e-15 1.335190931052783924e-16 2.048240035297128327e-15 -9.959479919096233109e-16 1.496380954644733628e-16 -1.176289126841791016e-15 -3.592527797928650573e-16 -9.388180485925245242e-16 5.436937237227846789e-16 1.759993049629595757e-15 6.630041694813687859e-16 -2.587792547763962054e-15 6.039271442664390276e-19 4.778034135693120829e-17 2.260178346866471111e-16 3.509866515842146303e-15 -5.855479909996360452e-15 2.424712532910441418e-15 -1.198339694409935809e-16 4.324047841877687865e-15 1.334618683408155036e-15 -2.582265602889838941e-16 1.234634646519232911e-16 -8.439293418230432829e-15 1.829702008522411622e-15 -2.587949879066965000e-16 5.638824452090556909e-16 -4.665058159055979478e-16 1.841517711570525340e-16 -2.318296320479566054e-17 -3.393919847157239704e-15 3.305399783571319325e-15 1.242116278228973974e-15 -4.270384036781347464e-16 5.572973599516067220e-16 1.609026670147924135e-16 -2.671000174725802804e-17 1.226585219360098271e-15 1.356959369868074580e-16 3.488146470949659684e-16 3.412141980617832116e-16 -5.868335681602322889e-17 4.033322570344675184e-16 4.928741272279368684e-16 -1.215889966977745611e-16 2.120102342319303619e-16 7.255077240114449174e-16 2.139794057837606599e-16 1.297213820862214155e-16 -3.666313661021212851e-17 -7.819693234529400170e-17 -8.902553496072382776e-18 -2.619660404409254452e-17 2.808225102740525241e-14 -2.119812330706075919e-16 1.484181178013067416e-15 -7.775847218790124852e-16 1.740741485194541471e-15 -1.092625460503660863e-15 9.213735456315288827e-16 -5.387250352607889805e-15 -2.557191920696642765e-15 -2.217001446765254627e-15 -3.608464064806306569e-15 2.406349115406151649e-15 -2.702617454922397572e-15 4.021873945755247535e-16 -4.214464550110791000e-15 9.124102336697011846e-16 -4.699344138720915290e-15 1.561025722961330538e-14 -1.327482805434801312e-15 1.147378684552743043e-14 5.562953038787716077e-15 -3.864361556829384276e-15 3.470389052923610957e-15 -2.974662894829962190e-15 7.728163760621990050e-16 5.451883230626319234e-15 -1.597370751185336306e-15 -9.792575484256561988e-16
4.289119621920251464e-16 1.787953022082362484e-15 1.795538544522056443e-16 -2.401170225574606565e-15 7.771410756989622633e-16 1.025310894848671162e-15 -1.366195065192910703e-15 -1.173968715294318342e-15 -6.636550102856020927e-16 -1.195105869243454074e-14 1.517481767076105075e-14 4.111250489183383600e-17 -4.003249159859461937e-15 1.759140672019668020e-15 -1.106166986465495240e-15 -2.110253650580235652e-15 -1.160859239217381186e-15 -9.135035506177811389e-16 -4.796536395697340118e-16 -2.881183501890010318e-15 1.202782033367152018e-15 -4.000518572526166450e-16 2.521000854006247845e-15 -8.007907613542906687e-16 -2.206032618297145815e-16 -1.770546668680972851e-15 -7.846156485041753738e-16 -8.259030848049579934e-16 1.028733909536113836e-15 -7.783750834835015229e-16 3.838917227760753806e-16 -1.802318553328699991e-16 -1.643859312912942038e-15 -9.120751870219002980e-16 -6.306076787586098049e-17 -1.102955981576192420e-15 -6.971141897555943615e-16 -6.147154749003532441e-16 1.991854858469444011e-16 3.892472588880569223e-17 -3.250839689860415246e-15 -6.953711542781252047e-16 -3.721600851676371344e-16 -3.463509323990660628e-16 9.262865633047146308e-17 5.284112591165143777e-18 2.953305332328238863e-15 3.280329233127231922e-15 -1.190629853559539010e-15 -3.409606528833451854e-15 8.077430018077498430e-16 7.898261744770595264e-16 -2.451632252515751236e-16 -1.738563662349848388e-16 1.345307903419208481e-15 2.144583092537504733e-16 -2.210431264300525640e-16 -2.096414573556333509e-17 7.054175607452358647e-17 -1.459311668145454214e-16 -1.994156778457042115e-17 -5.092192710343466808e-16 8.732510746514404471e-17 -3.887318353640906381e-16 -1.689941689448665158e-16 -9.694302684613375602e-17 -3.505709521133299134e-17 3.306989402139881945e-17 4.549805530178155445e-17 9.577854927657254562e-17 5.528256400048329051e-15 3.599213652944292327e-17 1.012357190118607662e-15 -1.966045543546257178e-16 -2.014760592396602341e-15 4.402861996732123932e-16 -1.659698537995704610e-15 9.635438861076092699e-15 2.129888218571454458e-15 1.396241663137863344e-15 -3.156928067831679089e-15 -1.608969471893413185e-15 6.053449224350160767e-15 -3.341556188911440685e-16 8.045671873855486972e-16 -1.204377407917407932e-15 3.812767895861837059e-15 -1.042368521111522415e-14 1.095054128182876419e-15 -1.997438562333984453e-15 7.684760887139739943e-15 -4.773824783959496273e-15 1.813688849975759787e-15 -1.498243481179181422e-15 -4.730736735859143116e-16 -1.126123193453476674e-14 -2.627615672736692861e-15 -1.270483759824933426e-15
-1.068917481612851150e-16 -3.992184384018343183e-15 -1.108595969241261989e-15 1.215188895743438228e-15 -3.593974736842522831e-16 8.119474047951890132e-16 1.318673391551817757e-15 1.353691296578938112e-15 -7.487183301144690135e-16 -2.882525528414824873e-16 4.111250489183383600e-17 3.494438528806819392e-15 -8.074124067850865212e-16 8.722526888970009586e-17 7.201718694923800959e-17 1.718797080007244481e-15 1.958481977440857386e-16 -2.274552264538694494e-15 1.419283276981812370e-16 2.305219633539474602e-15 -4.553930618180236645e-16 -9.988089785425048705e-16 -2.351537730955579322e-16 -7.574741403122307561e-16 -2.540731987135805311e-16 2.907050138895010334e-15 -1.181878752522805195e-15 -3.580838100347933976e-16 -1.928823887222905648e-15 7.541595564488330742e-16 7.417824700053442809e-16 5.146406720229054727e-17 -1.952155066279269948e-15 1.744856101832524898e-16 -4.259633457192387165e-16 4.859499437394855177e-16 -1.420169585572412892e-15 -7.342279344655871937e-17 -5.928383091306545688e-16 5.128835849975139015e-17 3.089714934501324111e-15 3.122401778022006211e-16 -8.313833527223061307e-16 -1.494682291935847843e-16 -1.286960841647948047e-17 -4.003123750195364923e-16 4.240182587570799312e-16 3.141065469444853048e-16 1.319009870555727001e-15 1.692234161643095037e-15 3.107795505419588069e-16 -1.127644644498395763e-15 4.880175593725334643e-16 -7.722645969417383333e-18 -2.052988923235550921e-15 5.104143169665510371e-17 -6.651191083317556965e-17 -7.845906030042806748e-17 -2.795048732945774510e-16 -9.792164924211061982e-17 2.557612416918064244e-17 -2.397529495889173959e-16 1.834259884177877708e-17 -7.371100722993049578e-17 6.552219700687641823e-17 -1.036305993125095677e-16 3.793051687693913737e-17 -1.089097959987413401e-17 2.946257387921709955e-17 1.431416753166974255e-17 -1.145233383154960894e-14 -3.154245705702575731e-17 -3.670772418700359395e-16 -6.210066618084078698e-15 2.475849932141763473e-15 2.283658700899893032e-15 -1.929021692986675929e-15 1.267210373731228412e-14 1.983167496125086336e-15 -2.565638759055508514e-16 -1.894929821703259006e-15 8.791186039795639762e-16 -1.472308652640673919e-15 6.976161700335556612e-16 -9.072697225864314459e-16 5.760137252374949432e-16 -4.236800462321535261e-15 1.527297955070987385e-15 1.452562295333359860e-15 9.481630458194269506e-16 6.489816424051370371e-15 8.400256172458280351e-15 -1.516035760783888570e-15 -1.433262851880868259e-15 8.565591690785289247e-17 1.375366139083495491e-15 1.246303571608071366e-15 -5.149663616622214635e-17
6.788335676949119269e-16 3.353656057392488029e-14 5.212552552127203072e-15 6.128679932663991203e-15 6.399013115091051759e-16 3.886076886926676008e-15 -5.079671367588798241e-15 -7.043471524556041475e-15 -3.235940948876718580e-15 -5.770038062390497363e-16 -4.003249159859461937e-15 -8.074124067850865212e-16 1.501799690712352470e-13 -2.735288315946229651e-14 -8.026959388050636242e-15 7.346503264485401543e-15 4.580754712224901005e-15 8.289083944664264019e-16 3.367989324396087189e-16 4.961529528712292713e-15 7.204954139222372378e-16 -7.467726759346368148e-15 7.282243385600017032e-16 2.619077783463069354e-15 5.871168025418747749e-15 3.628570752487496530e-15 -3.665167428170456458e-15 3.731388541772244202e-15 -4.525001932568260148e-15 1.748692581320048828e-15 3.476624573760323668e-15 -1.617877341833424967e-16 -2.768128147703160610e-14 9.971133748926183691e-15 -1.007036106839826962e-14 -1.301545839666830097e-15 8.008821166469613582e-15 6.863999919863641572e-16 1.976001814711034561e-15 -4.272148301870149215e-16 1.514527202497796130e-14 -6.238564237888100410e-15 1.861090149514808741e-15 6.704325942713753855e-16 -6.124601648975187509e-16 1.071582403140305215e-14 -5.279221334348877738e-15 -7.573297892772690483e-15 3.847767419448218890e-15 2.145914432529082725e-14 -5.050335438181483893e-15 -1.666350198119137396e-15 5.592714756832172097e-15 -7.050649270970278235e-16 1.270214994827055966e-14 -9.860890295950453468e-16 -7.845747771299874296e-16 -7.367368108603973750e-16 9.951323868009450167e-16 1.276276052866606662e-16 -6.639466018836857447e-16 2.328655117100774406e-15 -3.151578865953668181e-16 -1.034215378968610825e-15 -4.006846330274339187e-16 4.010858555637747619e-16 2.048461175870042330e-16 -2.497442521803152022e-18 -9.351785369339168013e-17 -1.393405057814317484e-15 -7.367394571521316005e-14 -1.573169835448176347e-16 -1.117918462249426726e-15 -1.924834738266378267e-16 8.079936644176891405e-15 -2.293666453501021005e-15 -4.005112110867676361e-14 -4.547447214745995501e-14 4.096396889340618613e-15 3.092312719758120115e-15 -2.357271508498821627e-15 -3.419879314348918378e-15 -1.313267892721150019e-14 3.360189814649385556e-15 -3.169778829209099317e-15 2.032758188211045548e-14 7.844407743531384370e-15 -2.145770067424025344e-14 -9.287078610826454551e-15 -3.289776673294942817e-15 3.952420349014242149e-15 -2.045181711860817959e-14 -3.323790210533326651e-15 3.930950027399489755e-15 1.543270738976500499e-15 4.102222022733697379e-14 -3.363576423327867289e-14 1.468818552613150793e-15
-3.594494508731280292e-17 -4.393742892634754158e-15 -2.803498103267910579e-15 -9.857399089485829696e-15 5.229763204023445562e-17 -7.174480112183204661e-15 1.846604351623592569e-15 9.982008003584692255e-16 -2.461963898725557206e-17 -2.253132199080263510e-15 1.759140672019668020e-15 8.722526888970009586e-17 -2.735288315946229651e-14 2.734295000817998499e-14 6.892769650011780303e-15 -1.851915958342670156e-15 6.211555646395915698e-16 8.987601517869829005e-17 2.962654529751281232e-16 -1.983343216762508348e-15 -1.580443912449535962e-15 5.374498589795856527e-15 1.289405671546097533e-15 -1.527370612061982513e-15 -4.442398546025658836e-16 -3.322972787001595242e-15 5.650547291015433570e-16 2.788447807955856863e-15 -1.774746288356856548e-15 1.767058471137007155e-15 -2.757534696483463193e-15 1.717360877479080892e-16 7.719700625363000930e-15 3.739767158054247109e-15 -1.573493943054639164e-15 -3.491415817533017582e-15 1.594360196332395162e-14 -2.818867740925624736e-16 -3.984543071645098416e-16 -5.158500416606397526e-16 1.478845044359412034e-14 -1.209537762911867766e-15 1.796880142442577332e-15 2.451041171884254100e-16 6.354151368078086411e-16 -3.900414711317860919e-16 -1.768760244753095536e-15 5.665542087160364788e-15 -2.336566053061684291e-15 -2.838707801372788304e-15 2.160708920059872331e-15 -1.142979765587752976e-14 -1.969714186210306539e-15 2.230980934395273869e-16 -9.822613646875207385e-15 -4.225356121201725559e-16 2.754051282266344842e-16 -1.734778726561842772e-16 -4.379793268926506565e-16 4.455100274613903843e-17 1.003882249722894137e-16 -9.364463742710723321e-16 2.671952176165647560e-16 -9.019631348522633325e-17 1.683569324252281134e-16 -8.366468680830397428e-17 -7.903791152156654238e-17 -2.872421793446365209e-17 -3.323469904222741279e-17 5.160866226312792610e-16 2.011334598433511496e-14 1.345635578229440616e-16 1.713615172053514892e-15 4.262407640628757842e-15 -6.632205508159841289e-15 2.941664711320716054e-16 -3.070144292702734733e-15 1.257065773991772205e-14 3.759051902335107035e-15 -8.525736932047477170e-16 9.471803653765588026e-15 -1.882877792103146899e-15 4.210022830498590865e-15 1.348499039551145735e-15 6.181066706681191051e-15 -4.301295891407675595e-15 2.508347844362773364e-15 1.578413452991183566e-14 2.399511068316500639e-15 -1.110418927831771430e-14 -2.251169155229560110e-14 8.152314206814985303e-15 -1.180706355011279997e-14 8.722501924145464536e-15 -1.219924285830197343e-15 -1.601300755345896485e-14 4.913238563985307705e-14 1.374046490381881010e-15
-2.330319797423244530e-16 -3.519830187325340881e-15 -2.496685335514636289e-15 -3.769093203435169844e-15 -2.115743754749248388e-16 -2.954922771331824987e-15 1.306330028181871708e-15 1.144267455349940097e-15 -5.710821344820135306e-16 -4.429142587007704006e-16 -1.106166986465495240e-15 7.201718694923800959e-17 -8.026959388050636242e-15 6.892769650011780303e-15 1.670487782129302485e-14 -3.449511493052909892e-15 -2.272108674898087452e-16 -3.258436437734520657e-16 6.561156875586177763e-16 -8.715834088282266346e-16 -3.364174420893676053e-15 5.487930490763666983e-15 -6.102484905076164933e-16 -1.268387132866643824e-15 -4.827127908078650566e-16 -2.960564318508750501e-15 2.243014532582647092e-15 3.322025819668382625e-15 -1.276268481864002595e-15 2.363184090461346296e-15 -2.299171874319281180e-15 3.703916002125218371e-16 7.467073640590164397e-15 1.105043207433453232e-14 -1.657781231716514260e-15 -1.813945317436806598e-15 1.215171489352326689e-14 6.456031939523653990e-16 3.865927764588763238e-18 -4.050899006422063477e-16 1.636203673712330681e-14 -1.270404391570545437e-15 3.020658754379266937e-15 3.813304441232173861e-16 -2.484791563109930989e-16 -2.244541254787733460e-15 -1.123756826655551736e-15 4.537847947181220660e-15 -3.134192984985494829e-15 -7.733907505993926811e-15 2.832631388088435988e-15 -4.714419902641043808e-15 -4.614147813717740366e-15 2.419525906877431309e-16 -1.101573120215227781e-14 -4.804842906758730347e-16 -4.593943516690240534e-17 -2.303578621863183854e-16 -3.158145796299223363e-16 3.934938563167154026e-16 4.658537689983398999e-16 -8.866515046416698401e-16 1.524148111370439729e-17 5.440489138411667158e-17 1.585597879778941754e-16 1.596617476470224434e-16 -6.002238461894717545e-17 -3.814215520815549055e-17 -6.921644579938406835e-17 -1.355424125061879867e-16 3.997994629178747581e-14 1.369148844799223259e-17 -4.659698008739722059e-15 1.004007541804690630e-14 1.378458998468833705e-15 -4.690496499207999264e-15 6.449300086561474511e-15 1.770453557875638361e-15 3.616032245135466449e-15 -2.070527671057964796e-15 2.883439425922757300e-15 5.691250869923988101e-16 4.030354221054413313e-15 6.240594414228061243e-16 1.376045224004960454e-15 -6.472460819066817892e-15 1.301208202152723338e-15 1.548125473442707202e-14 1.849793873001627303e-15 -4.227766404964664083e-15 -3.019135174410521469e-14 7.528523960486040461e-15 -1.471770489264495360e-14 8.357583186862226698e-15 -1.189322944216252125e-15 1.645685610516348291e-16 1.319384215344343883e-14 -7.900212678838187797e-17
-1.221997202879882919e-15 -1.509864892218733174e-15 -1.524577845392382381e-15 2.331064919522012571e-15 -3.364905030266879056e-17 1.087812974044140078e-15 -2.481101603953031530e-16 9.114471264575477011e-16 1.010132609717419306e-16 1.687237238495494425e-15 -2.110253650580235652e-15 1.718797080007244481e-15 7.346503264485401543e-15 -1.851915958342670156e-15 -3.449511493052909892e-15 1.405678653310648378e-14 1.155584448521331038e-15 -2.270585411678588051e-15 -8.076159999105055811e-17 3.280160529062861979e-15 -8.659688387267797414e-16 -2.405736099712359060e-15 -6.344776150174357419e-16 -1.508420207474322062e-16 4.901258645608987764e-17 6.814580337971568355e-15 -7.215796341408489744e-16 1.366351322898083090e-16 -4.696071602368251464e-15 -8.349817806209063161e-17 2.211950459962447358e-15 1.365997528391863126e-16 -8.129093635479978335e-15 2.684411641832530066e-15 1.299248337678404309e-15 -3.823513712523666718e-16 1.991536489903812864e-15 1.148178567895387059e-15 2.047357473831634889e-16 6.141174298961769091e-17 4.038526149377224761e-15 2.496290494083424872e-16 -1.402869011101611749e-15 7.086317859215761162e-16 -3.107262184328631376e-16 -5.530401254644591627e-17 -6.685144052272545427e-15 -1.644965878528545975e-15 2.660962392447334578e-15 1.110501425179898092e-14 1.032999883636061535e-16 -1.917500081643842636e-15 6.495345730384021438e-17 8.599972086659994840e-17 8.150647051363038405e-16 3.153476592403226725e-17 -2.202410325879040691e-16 -2.525582437356281823e-17 -2.533910538565730564e-16 3.288660401799417663e-16 1.684184298252132923e-16 -3.295308237903000952e-16 3.348290288545017717e-16 -3.615184694233261218e-17 7.291663700259906980e-18 -2.686914622168648090e-17 1.079208696953000743e-16 -3.933494759404933994e-17 6.886240575312045127e-18 -1.825498959613392259e-16 1.038259907879210062e-14 -1.070636311760485872e-16 4.333339432186318166e-15 -7.474571785433221863e-15 -3.072643675074223206e-17 2.955953518423144751e-15 3.030014650927364425e-15 3.091618623852590163e-15 2.688645443286574045e-15 2.074064552313962233e-16 -7.996128878817284741e-15 -5.255034594711694689e-16 -6.352078730515835849e-16 1.277436408345556499e-15 -3.715302514340850492e-15 3.283447404351836984e-15 -1.316634765519889184e-14 6.285769816082170842e-15 1.295699602895494827e-16 3.780478248149218493e-15 2.004502275343970054e-14 6.853331589174892698e-15 3.326641362359122169e-15 -2.334916832131938666e-15 6.259354755222633871e-16 -2.051267265958710152e-15 -5.928679038129631407e-15 5.675194536336453829e-16
