1.221694132250128884e-15 -1.475240555360348442e-16 -2.140014830584250509e-16 5.205190781324689290e-16 5.072175549338230149e-18 -3.120882613164946401e-16 1.659931370305236943e-16 3.238065544513324582e-16 -1.166569072113184433e-16 -4.872111803886215444e-16 -4.771271413563372140e-16 -2.835088165324222739e-16 2.812555427041619480e-15 -1.029727623571036727e-16 8.292325391175959716e-16 -2.358324377042660485e-16 7.490969909357813518e-16 2.416845885756725639e-16 -1.202145999851106153e-16 -5.370749428369750168e-16 9.869135843789270163e-17 -1.822125287065838764e-16 9.483810708695367681e-16 9.962603132907882247e-17 -1.231285585298286790e-16 5.096539620806768295e-16 -6.898518927404619738e-16 -3.918761731632345285e-16 -1.448372771764423641e-16 2.330419904363259904e-16 2.919944120517389803e-17 6.582435930099314403e-17 -2.146777603437265152e-15 -1.235503128101290774e-15 9.503492118371119421e-17 -4.071449479723439189e-16 -2.233867218705814577e-16 -5.959574740386251601e-16 -3.373963704499404081e-16 -1.172626503208222828e-16 8.970169630588948212e-16 -3.765381042741543855e-16 -5.141962244417997359e-17 -5.435163751414731970e-16 -2.161806875244958507e-16 5.706590133979375586e-16 -1.207061171909239739e-15 3.676947832556247082e-16 4.284887100666718342e-16 4.674428114382921697e-16 6.944901627744060949e-16 -1.145983660711611177e-15 1.120861405899234899e-16 -4.829456607644949944e-17 3.471269581188443090e-16 -2.179933428854656479e-17 -3.677461043211793079e-17 6.189102283922628120e-17 -7.539188077790955364e-17 -2.771230997805362595e-17 -7.606208601261249206e-17 -4.042491025278955518e-17 -6.661708354469974397e-17 7.205286825980228562e-17 -5.691763659030151920e-17 4.040294947100087134e-17 -1.232978570884978510e-17 1.109130444265922516e-17 -2.378426886456270407e-17 -2.067245434726475792e-16 -3.449585807058474864e-14 4.278748513389042572e-17 1.509002980390240144e-15 -1.112872341364427873e-15 -1.023363234819158309e-15 1.270530066935621640e-15 -3.731933690788048384e-15 7.412202660560340068e-15 9.805041429980908196e-16 8.241660011328673389e-16 -1.187429339281731861e-15 -7.781765613555369509e-16 1.422578748394372050e-16 3.804250275980718252e-17 1.335399199668399076e-15 1.007511914036764278e-15 -8.537401388751470084e-17 2.594477432116733876e-15 3.157480988386700861e-16 -1.905119056190561751e-15 -2.980006932305314888e-15 9.936439207173070739e-16 -3.923418119977334946e-16 5.475112511603924692e-16 -2.464032940165515827e-16 2.216561743771046959e-15 8.384029081727330315e-16 7.898864977872810210e-17
-1.475240555360348442e-16 6.243633056243961360e-14 -1.372943885662709889e-15 1.562959176556377611e-15 6.845372836735420947e-16 -2.126818886055096253e-15 -1.487774263526795885e-15 -2.579173631708269018e-15 1.517105408879576865e-15 6.180730294965624301e-15 -4.256786860451454117e-15 1.479050712687873055e-15 1.146662495763090480e-14 -1.153715371625786894e-15 -1.668967810230371031e-15 3.263549670500300033e-16 -4.309206669356947976e-16 1.907541949744855536e-16 -5.754230254324768324e-17 -2.007543615139917959e-16 1.660496766378157705e-16 -2.304884151332651260e-15 -1.530194599122921452e-15 -1.398040034748322732e-15 6.322927689649246210e-16 -1.213867453379657618e-15 -8.307321704740076792e-16 5.066258475614384484e-15 4.579210731399917671e-15 2.506842451023649062e-15 -3.289036106539498942e-15 1.472626344969492872e-16 2.352471158190231532e-15 1.050235615483383279e-15 1.005448224797822812e-16 1.753779263089858916e-15 -3.556044030452961722e-15 2.372711257406238876e-16 1.161062474236179635e-16 8.168508685076931807e-16 1.835429253506629966e-15 2.708339372888491869e-16 -4.513179250653531660e-16 3.094151473576031054e-16 -2.228528123583513951e-16 -2.968688928712907881e-15 5.135900186675010901e-15 -2.979318885427547807e-14 1.643125249341207374e-16 -1.903324310871586091e-14 -1.008326670376657777e-15 -2.115477249421291950e-15 -9.290685048335980760e-16 -6.132732511996543402e-17 -1.048929414372442428e-14 -2.310621497355197472e-16 2.568967865000081451e-16 5.555453711473839577e-16 -2.142567295173518751e-16 4.094720122879324044e-16 -1.448119835214183507e-16 2.473994442588800083e-16 -8.491224298274207388e-17 -3.072286039727123149e-16 -9.918008972792994722e-17 1.773825964770299392e-16 -5.838567806364880809e-17 -3.767373558047143639e-17 -9.065898594855996609e-17 -3.247438649705765943e-16 3.355157308052072437e-14 1.734405490575222767e-16 9.034597883939321397e-15 9.153119031981898736e-15 -5.375680690216557791e-15 -2.354531311567794176e-15 -5.228809254710868116e-14 -7.279313820504971451e-14 5.195929726295325438e-15 -3.704966682271825274e-15 -6.572392451154536435e-15 2.769367809277710942e-15 1.020941276013824656e-15 1.578818936184994981e-15 2.083073535662478189e-15 1.209152771374174525e-16 8.272667196430724773e-15 -8.645535090986934965e-15 -4.231883231412981482e-15 8.175215819942975916e-15 -1.755451644160441625e-14 -1.970575981838713462e-14 -6.672650064230431532e-15 1.054235691847939818e-14 -1.669715862657134336e-16 1.125504415503429416e-14 3.158577955173631949e-14 -4.548786188162265099e-15
-2.140014830584250509e-16 -1.372943885662709889e-15 5.606945988252480670e-15 -2.232649801209786965e-15 5.705478483446895184e-17 9.231292725307898396e-16 -1.726703539334915106e-15 -5.486587216836439973e-16 2.585535589411506050e-17 -8.396442610529676851e-16 1.554011128101678389e-15 -5.294429277919831044e-16 -7.344786543694767125e-15 -2.010199363123928551e-15 -1.411527003502904733e-15 9.978245966985779358e-16 5.632103690187801627e-16 5.106117512103566911e-16 3.576794231796386081e-16 -2.944406509355992783e-16 1.511507845477761257e-16 -5.897534261338298215e-16 7.308684100471419058e-16 -6.947282505156157282e-16 -1.092532957434103162e-17 -1.032723664067949281e-15 1.176794343899627335e-15 -6.412886784666089723e-16 4.751475184637725618e-16 2.864443234337263722e-16 -1.843707477210722127e-17 -1.359767471604255657e-16 -4.967494653405278764e-15 -1.673497812626418783e-15 5.183705523864436494e-16 6.904996238656317712e-16 -5.956298009997693899e-16 6.269071974562462257e-17 3.775339242660330918e-16 -2.570781948601184526e-16 2.753956635437096488e-15 4.409154900066055734e-16 2.435222951265862520e-17 6.933378477306090428e-19 2.336782517305015396e-16 -1.040578148714801399e-15 -1.464723234725170203e-15 1.443528666771365719e-15 -1.171952999795169795e-15 -7.505691605590372652e-16 -1.502259968846101486e-15 2.897140160007679904e-15 2.231857213882452262e-16 1.062925144489170011e-17 -1.159542488757511237e-16 -1.230675990845675056e-16 5.157701633515882821e-17 -1.545365468079418785e-17 1.366799930828617972e-16 9.205407255671168458e-17 3.698298659076547526e-17 1.326328463761380974e-17 -9.587687267682672229e-18 -1.215603029550011078e-16 1.237799137714177486e-16 -9.415043914772932729e-17 -1.195229411960340402e-17 -3.193676323549401972e-17 2.529589423698138811e-17 -1.474476696797809322e-16 -1.033195103864694025e-14 -4.406711566377581276e-17 3.016259124033316030e-15 4.444356127512631841e-15 -3.867350903556484585e-15 5.872277947298637352e-17 -8.242780138947165112e-15 -8.853934782198823370e-15 -1.550150295558822854e-15 3.589694014752410534e-17 5.567458099681190834e-15 1.303948731444627219e-16 -5.750108195073752971e-16 -1.152100764800232400e-15 3.816052902525124652e-16 -1.306810818040839565e-15 -3.543206892518925177e-15 -1.911275626154542275e-15 -3.341663506354809845e-16 3.918480308278310746e-15 1.998223575268306290e-15 -3.308073043499948719e-16 2.932395338423349200e-15 -3.314316309596130884e-15 1.788924496185418833e-16 1.386706287788709960e-15 1.374445224591762895e-14 -5.508054678775425166e-16
5.205190781324689290e-16 1.562959176556377611e-15 -2.232649801209786965e-15 8.716894937501570453e-14 -8.521220411744954773e-15 8.539832658451307761e-16 5.967127977950860200e-17 -1.672578886945707533e-15 1.714168044728447613e-15 1.548198561595750492e-15 -2.863905307910846731e-15 -5.847981836275250929e-16 1.003626905065277792e-14 3.174604694183934335e-15 -1.234863237108804195e-16 5.963469726256035192e-18 -9.876767601861639746e-16 -3.358172223619742489e-16 6.928683855243108299e-16 1.062159322433324304e-15 -1.164380966225933849e-15 1.963021521400506396e-15 1.327777961418561061e-16 1.473418834456104073e-15 -8.840724705285594226e-16 1.176377532477636551e-14 -3.797458848253798199e-15 -2.731371757601355341e-15 1.129001205078013595e-15 -3.004087601899156112e-15 -4.129378822049815101e-15 -8.460989061409964647e-17 1.117845718138277173e-14 7.362950360271634981e-15 -5.444838749085306086e-15 2.438678058812802176e-15 -7.313968866183932121e-15 -1.869052511516580418e-16 -1.874535203806877943e-17 3.144692871936383143e-16 1.347745367868070020e-14 -3.874883733331330202e-16 -1.948683853625514929e-16 -3.006266741099053988e-17 -1.533422423284693042e-16 -4.250104232702789913e-15 1.155024947470629957e-14 8.684824051884981401e-16 -6.540270366650837391e-15 -1.583469546461971022e-15 -3.530203320359698729e-15 7.524417690748110444e-15 -3.410763013595280986e-15 -4.580659268596777674e-16 -1.964706908511272837e-14 5.181150426888554022e-16 -1.712817437728494312e-16 -8.168446580665616536e-17 -3.476122767126859784e-16 5.016832830795759096e-16 4.109217233832731736e-16 3.320094672267924640e-17 -5.034990135898323217e-16 8.240681029580708636e-16 -4.207249455193556075e-16 2.615728916713636928e-16 8.023706574512106688e-17 1.762218136770093944e-17 -3.592386896623336368e-18 -1.278264798958614278e-16 7.316256929663493600e-14 -3.266751113909848960e-17 -1.328396782181101951e-14 -7.939348080952763592e-15 8.187794369094523831e-15 1.287440962819245397e-15 1.683833873113228206e-14 1.258724797931090628e-14 -7.431078657942295271e-15 6.719681579098400494e-16 -4.476325241781377115e-14 6.277185294372938219e-15 -2.033312763059519906e-14 1.955839361568830917e-15 -2.694188326349931922e-15 -4.563186335059663691e-15 1.551921553706747051e-15 -1.960404729668796435e-14 2.939130418118110798e-15 1.514240355827707595e-14 3.907974707380678928e-14 5.330369517401054325e-15 -2.108273010824935288e-14 2.127503559768475269e-14 -3.229578932094867177e-15 -1.183536908822104356e-14 -2.158409630855139312e-14 -7.958859167148399832e-16
5.072175549338230149e-18 6.845372836735420947e-16 5.705478483446895184e-17 -8.521220411744954773e-15 2.949349876268563785e-15 -9.581512567907444239e-18 3.491124792395538292e-16 -4.541981162041854323e-16 -1.202254398598827881e-16 -4.097897806507035425e-16 1.502446780274056566e-15 -2.199520297896652860e-16 -2.062920913077116277e-15 -7.449115852748815356e-17 -9.042491947052859025e-16 -6.351402174302082556e-16 -3.618022397709706771e-16 -1.223103881813439845e-16 2.347028380809245953e-16 -1.132126028389677175e-15 4.647661029041320671e-17 1.548275761858084761e-17 -4.716210282647177897e-16 -3.539179539291537271e-16 -1.691420168267628122e-16 -2.701289822349549032e-15 7.847679401561510780e-16 7.430057582469004988e-16 -8.064324927479486617e-16 9.835424175025184011e-16 5.457830577163969660e-17 9.716500277653939023e-18 2.165662636874488217e-15 1.115230668914744782e-15 2.504413053697421283e-15 7.871562731582833589e-16 -2.874095325678196101e-16 2.859442347844004883e-17 2.085351141398943295e-17 -2.612022742358500333e-16 -2.216773770617299869e-15 1.193226441662968896e-16 6.188205418159449768e-17 4.039170348142179374e-17 -1.098892863803368335e-16 -2.431870680533574756e-16 -7.081342920732803340e-16 4.239153292818783686e-16 -2.606115408151234429e-16 -2.145052654827227168e-15 -2.870715233262096930e-16 5.195076638662166392e-17 1.986342991946575472e-16 8.518826356049293571e-18 -1.796203300014740336e-15 -1.165697635559081799e-17 -6.177767158346052995e-17 2.080502629439595041e-16 -1.351732905683101476e-16 1.678506477485545716e-17 -1.734584938654470694e-16 1.003332119869631480e-16 5.116436012572902676e-17 -7.856568337719148605e-17 8.877778597585049927e-17 -3.476020274690890626e-17 -3.456460166593404742e-17 -1.662588957208727277e-17 1.225572658582640284e-17 -2.035348501645052473e-16 -6.752735092970895380e-15 4.101166983178772670e-17 2.244501151808182176e-16 8.549543586627238230e-18 -9.145415078651590945e-17 3.822447591691760390e-16 -1.009534681602682556e-15 -4.388080318877746798e-15 1.417947597785196227e-15 -5.288219175708576876e-16 5.359524528878773792e-15 -1.658874501145183906e-15 3.043697056353538067e-15 -5.751200607494312256e-16 1.310786603635868952e-15 -7.436464098686440293e-16 4.393436720632497584e-16 -3.707421786285631344e-15 7.332614623980268501e-16 -1.582073572828741252e-15 -4.418831434392833283e-15 -1.327286461097560089e-15 6.243820140857542028e-15 -7.830035283673287997e-15 1.119414723608820441e-15 1.173443756695421344e-15 4.879380533535726565e-15 -6.547163764734956133e-16
-3.120882613164946401e-16 -2.126818886055096253e-15 9.231292725307898396e-16 8.539832658451307761e-16 -9.581512567907444239e-18 2.466581519594925586e-14 -7.456677159288044383e-15 1.807112079839189041e-15 -1.084289834669724000e-15 -2.856915983518082802e-16 1.586753816350298833e-15 -1.067109782208416044e-16 5.187849573976457864e-15 -3.775703075921346113e-17 1.675642984169177220e-15 -1.436362399049632737e-15 -1.129274489298147630e-16 6.614884006612740121e-16 1.068020117328598202e-15 -2.611616439135099485e-15 -7.166955959632391947e-16 -2.009108692221812797e-15 -5.765022335631320573e-16 9.615952897963656360e-17 -2.643483853059488464e-16 4.569565539141920330e-15 -3.790182600466818415e-16 -1.076193942463356938e-15 -4.897552182108464743e-15 2.069383776528189849e-16 1.741353784191822745e-15 -2.764660789710564270e-16 5.163186730021858139e-16 9.460544510530713738e-15 -1.017317519824578028e-15 -1.737800415406362793e-16 2.623495916615675563e-15 1.516541384143986555e-16 -3.464618866398093240e-16 -3.754502992282686297e-16 1.035355179619316953e-14 -4.552794282798535721e-15 1.462229631926393563e-15 3.901867995758903520e-16 3.509080088353794809e-16 -1.466619858888254364e-15 3.424385737985740308e-15 -2.782907077576067714e-16 1.335916382385437954e-15 -4.515069833464366533e-15 1.392329362391386872e-15 -5.974177522622988180e-16 9.308527947689132745e-16 -8.624052603766009250e-17 -3.674708046941738979e-15 2.098122663199640122e-16 8.032567731529518810e-17 -3.511791729118341245e-16 3.899902303197200598e-16 2.581188233105206655e-16 8.781402696678149449e-17 -3.263478824363231521e-16 -9.041756297270087426e-19 -2.060082353841101957e-16 5.773508754170291918e-16 -1.450369295232963313e-16 2.239793684926050670e-17 4.069427135749510787e-17 2.503641906760873713e-17 2.581134452605093093e-17 8.572204522138160856e-15 -1.213574231097145288e-17 -7.433266377611122547e-15 -4.959459310965593808e-15 4.844899648013771660e-15 1.688931775524804794e-15 -1.785279525380116510e-14 6.518527131038842607e-15 -2.659339183080491272e-15 -6.911753439275000855e-16 5.506322297431490473e-15 6.395004212437256580e-16 -3.011767229137710476e-15 4.194714518101970737e-16 -3.367522186262496091e-16 -5.807990490072302105e-15 -1.263531681889652536e-15 -1.401606335719722473e-14 1.053573826708949099e-16 -4.396812216542491424e-15 -3.266144065819093522e-15 1.187025442570404411e-14 9.535262743914478635e-16 -4.419151094973137543e-15 8.035793459441888536e-16 2.757956341925818340e-15 -1.494372974172707014e-14 4.932659477959792966e-16
1.659931370305236943e-16 -1.487774263526795885e-15 -1.726703539334915106e-15 5.967127977950860200e-17 3.491124792395538292e-16 -7.456677159288044383e-15 1.020822583323392639e-14 -1.404362760166244056e-15 -5.430065606737880396e-16 7.432692972515100716e-16 1.613871447730951719e-15 4.164903780727098325e-17 7.880620779032996167e-17 6.868120153782841895e-16 8.340659217911910300e-16 -5.311811168558809514e-16 -3.262072400464047560e-15 -4.689763958817533576e-16 -1.184667486031410429e-16 -9.590722194904453977e-17 4.364272745663636252e-16 8.050362505497712133e-16 4.737171632289934153e-16 3.508360287368448298e-16 3.469989901558855734e-16 -2.413081396504094564e-15 -4.112529613118522650e-17 7.668591924402700638e-16 -1.373669992070004440e-15 1.928904885650079026e-16 -8.719985944744729208e-16 -1.164964333435388476e-16 3.598768355119731141e-15 -7.042527354561212054e-16 -4.400620150285105205e-17 -2.757428315117205826e-16 -7.008567790851908458e-16 -3.470278405264538538e-16 5.895771209700395344e-17 -1.328998246640891544e-16 -5.582279085756930013e-15 6.887902633136655009e-16 -1.404519462262388085e-15 -2.180432536309003640e-16 -1.093357753623191562e-16 9.318722439724271069e-16 1.153116880997949730e-15 -1.081783525447232024e-15 2.124571639119786812e-16 -6.310131374618067071e-16 -8.293362481594602966e-17 -1.092716184261741397e-15 -1.801694846817628425e-15 1.203809770148139029e-16 1.638774216144114783e-15 -9.449150520637896323e-17 -3.049112684437869522e-16 1.071741527324348615e-16 -3.827147850799016868e-16 -6.199393376230616039e-17 2.537161864345359195e-16 1.801857772093635968e-16 -1.006089853173538559e-16 -6.328180285501354889e-17 -5.559186846548497956e-17 1.287346971366336480e-16 -5.738655732537797893e-18 1.747988698365467946e-17 -1.818388633753841799e-18 1.987100346188979597e-17 1.155384736033915996e-14 -5.747797132220601107e-17 2.236264373085049398e-15 -1.123834796662791077e-15 -1.818304849562515785e-15 3.302533956896381011e-16 2.502384356389899406e-15 9.967559674808073945e-15 5.769852051307598182e-16 4.866749628095045192e-16 -4.034106682734394041e-15 -9.959725051481510688e-16 3.490485414480554897e-15 2.887926799581508457e-16 -1.546556160161606371e-15 1.440029321826491440e-15 6.181520422039570126e-15 2.609655572462985361e-15 7.499445712316845031e-16 2.230653941716576465e-15 -8.388825025042176042e-15 -6.966598100730117380e-16 3.875693029695983282e-16 -1.068409750733026500e-15 3.526629975983091754e-16 -2.109857909403772137e-15 4.682118639048978374e-15 -1.785859166511645978e-15
3.238065544513324582e-16 -2.579173631708269018e-15 -5.486587216836439973e-16 -1.672578886945707533e-15 -4.541981162041854323e-16 1.807112079839189041e-15 -1.404362760166244056e-15 9.776796678634852179e-15 -7.915288681013295108e-16 -4.488960328629572905e-15 -2.016316946595671307e-15 7.906906069843864112e-17 -8.519559859625209434e-17 -1.700228451951763663e-15 -1.384895428481832766e-15 8.578399215385490159e-16 3.567220875318753696e-15 5.962849794355042399e-17 -2.285844518476837643e-16 8.989762131313261295e-16 -9.682862272649970456e-17 -6.774538984729722466e-16 -6.108208428194487599e-17 1.778081014577991224e-16 -2.696623848876877945e-16 2.676851584441919773e-15 -1.051216844393535891e-15 -2.160435549518482577e-16 -2.134612371425629977e-15 -7.592857175169889480e-16 1.647629119111673865e-15 1.342408847418597656e-16 -7.407430319161108441e-15 4.768845295638577809e-16 -1.096133697608040417e-16 1.328978600051336511e-16 -1.737079456573347889e-15 -3.636191441629000888e-16 -3.961975553549030538e-17 -7.096245401772780515e-17 -2.040852098028036854e-16 -1.820260222582200568e-15 4.746024879180364315e-16 -4.269250979115013162e-16 -2.627441670097557354e-17 7.332120130679928374e-16 -2.047073598881306977e-15 1.048783263734776029e-15 2.979452454860309181e-15 4.869006227953434190e-15 3.202863530329217983e-15 -1.685909474774302469e-15 1.567535547512943275e-15 1.262630605095058289e-16 3.984630892295908728e-15 1.271272845823483692e-16 2.235366224117368149e-16 -2.412782051320614053e-16 4.123280891567096994e-16 1.457330324576909242e-16 -2.739237877954204024e-16 -1.280906557610200912e-17 2.248858454127395696e-16 4.482898573159189348e-17 2.301596618571335711e-16 -3.387739338126766750e-17 1.264882488763748473e-17 1.433657061591742872e-17 6.513324968420721574e-18 8.228504719409903727e-17 -3.136665872090152149e-14 -4.592100759153216513e-17 2.361667278269462493e-15 -7.097744636968734121e-15 3.214419690518200297e-15 -1.338156758571004726e-15 -3.009475706627511288e-15 6.382340828559192235e-15 7.169928090047076342e-16 -7.560378690847509743e-17 -2.794340397586501646e-15 8.267200834827739463e-17 -6.596652853141511247e-16 -2.259155130119944197e-18 1.229390395020969079e-15 1.118439107399085609e-15 -7.424591299236054455e-15 4.858160843969357060e-15 2.864561524875018075e-16 -1.084115140806223931e-14 4.453295592404996308e-15 2.857797563529417785e-15 1.654789823838117585e-15 -7.261254854074617959e-16 1.066147306226343512e-15 3.909202550410796194e-15 -2.954317072159127431e-14 9.997507029487338589e-16
-1.166569072113184433e-16 1.517105408879576865e-15 2.585535589411506050e-17 1.714168044728447613e-15 -1.202254398598827881e-16 -1.084289834669724000e-15 -5.430065606737880396e-16 -7.915288681013295108e-16 1.756497764407432787e-15 8.549651994044280058e-16 -1.155712679907087676e-15 -7.872918450710505153e-16 -9.765725722502631453e-16 -3.971248028706815483e-19 -3.645356632897340215e-16 3.002491933357758390e-16 3.842566376793403482e-16 2.799841126999227102e-16 3.860613282883834481e-17 4.133461573180292179e-16 -3.476189349602503943e-16 -1.890595981938029028e-16 2.745538589596327373e-17 -1.934286147628797245e-16 -1.878138817556747105e-16 4.793706453044739020e-16 1.801844399036573204e-16 -1.043912624183096083e-16 1.195366683946709312e-15 -1.466632049410752859e-16 -5.945042506216245831e-16 4.859710299200460981e-17 1.006862356747106345e-15 7.133842190109787521e-16 -3.740206636751541989e-16 2.013075060641158649e-16 4.388242494709877798e-16 1.650914814419355132e-17 4.635939545711289115e-17 1.661637072610472231e-16 4.737008870959311699e-16 1.293202938567559994e-16 -2.598472408682434614e-16 -1.973095280702292336e-17 -3.275958444161087084e-18 1.326335098373259228e-15 -1.149837252722593341e-15 -5.933738391160164866e-16 -6.955000665584295752e-16 -7.554710978912584694e-16 -2.790859485615876279e-16 9.162857381398775454e-16 -2.785962626819342642e-16 -1.264140638235069313e-17 -2.506515943348394851e-16 2.397137598452551455e-17 5.759081880376324026e-17 8.656010361168136451e-17 -5.028033776217026885e-17 1.185601865651814195e-17 6.216882844743267044e-18 -3.321000169048627950e-17 6.618694310006132592e-17 6.068847591232012381e-17 -8.382197452375211867e-18 -3.191443691358225601e-17 -1.895822671167792012e-17 -2.113290918308406786e-17 6.358304694488849462e-19 4.449430717055990315e-18 8.544346051209760019e-15 1.104908411151521348e-17 -3.369581853112349635e-17 2.044134852708848421e-15 -6.927088844222786751e-16 -5.602807554625952005e-16 -4.433750352757928968e-17 -4.066352043804646885e-15 -6.262935458031115978e-16 -2.207339685249141845e-16 3.928426428044953367e-16 1.670188158809555759e-16 -1.174115943990198854e-15 2.748474157541276467e-16 -9.743273211312747445e-16 1.617893284579348843e-16 -9.982029238489945448e-16 -8.630433296073203353e-16 -6.446620787224544836e-16 2.422687140002305102e-15 3.035132040784396450e-15 -1.863013910663494302e-15 -1.923415158867430907e-15 3.762534238853546918e-15 -5.607090147334249415e-16 7.445624544752785836e-16 2.498261994710543394e-15 4.101088745018488115e-16
-4.872111803886215444e-16 6.180730294965624301e-15 -8.396442610529676851e-16 1.548198561595750492e-15 -4.097897806507035425e-16 -2.856915983518082802e-16 7.432692972515100716e-16 -4.488960328629572905e-15 8.549651994044280058e-16 2.224207253359866599e-14 -9.274516083214320054e-15 -4.979622708201734523e-16 -1.679436405583673438e-16 1.185776761345712596e-15 -9.528453366010335806e-16 5.372649252396663739e-16 -9.103314789236519838e-15 4.314039481989372191e-16 2.411108861360275215e-16 1.829133323010029733e-15 7.187293468128132222e-17 1.376827254709604407e-16 -1.826717381712552051e-16 -4.981596580490923332e-17 8.827728705882474840e-16 -2.252444274966545585e-15 5.579647996166010001e-16 1.124179312231648041e-15 4.046080016130886996e-15 -9.379060735117801847e-16 -2.249793460044150167e-15 1.222099022950116693e-16 4.529751164372265988e-15 -3.950314094706632600e-18 1.679400238894560724e-15 7.926592852300535106e-16 4.060580162525931215e-15 -6.617564656445295329e-17 -4.258359839673175386e-16 3.575389323715344283e-16 -1.156991190072585335e-15 -7.315247830200560877e-16 3.398196409598701560e-16 -2.801735524828755813e-16 4.042043799815830965e-16 4.662125488906501437e-15 -1.482059928205069165e-15 -5.268008441768288980e-15 -8.057896957500399558e-16 -9.350880912153531538e-16 -1.162210486687244810e-15 3.780043162610190960e-16 -1.561824249410903356e-15 -9.695495631337144989e-17 4.327950137493366493e-15 -6.357518295902598943e-17 1.103586928435456789e-16 3.842950391205544519e-16 -2.765807536269651729e-16 -1.294232189772953337e-16 4.557761631496724958e-16 3.248767385629242111e-16 -1.518080083933976063e-16 5.994319349374081338e-17 1.547270315816317443e-16 7.742051341560850842e-17 -4.118097277868881317e-17 -7.766575316641840308e-17 -4.103622526769353159e-18 -4.659725292041813487e-17 7.520117056399106966e-14 2.577883867271373659e-18 2.942637101896379172e-16 -2.161483018153168307e-17 4.252004317291316392e-15 -4.908742751806618148e-15 -9.227509126095237217e-15 -8.568255859888205861e-15 -5.227281954502769192e-16 -9.048018916291806716e-16 -6.477718852245108473e-15 1.294579657651109745e-15 2.511073250707979592e-15 8.365712807187480030e-16 -6.232691083623519481e-15 7.931476765365453466e-16 1.205920173341573822e-15 -4.327947815399699302e-15 -2.929867433494072901e-15 4.286128119171885017e-15 -7.452307057512333778e-15 -4.164024608735897854e-15 -1.721479431720242178e-15 9.663106659041124542e-15 -4.450729351838181163e-16 3.510572439405935597e-16 -3.896376048126110165e-15 -4.843077143477571740e-16
-4.771271413563372140e-16 -4.256786860451454117e-15 1.554011128101678389e-15 -2.863905307910846731e-15 1.502446780274056566e-15 1.586753816350298833e-15 1.613871447730951719e-15 -2.016316946595671307e-15 -1.155712679907087676e-15 -9.274516083214320054e-15 1.634633024683236756e-14 -4.074142819106546550e-16 -8.068521149817587155e-15 1.880952055556036843e-15 -2.071857635879009699e-15 -5.770407539719879903e-16 -4.109425529986528836e-15 -3.609022373860553518e-16 1.232727280169184200e-16 -3.521441418806386817e-15 -9.248230246599711759e-17 1.154149016081910316e-15 -6.784935102133947298e-16 -2.618583022386009689e-16 -6.196239789459653473e-16 -1.881355794444379069e-15 1.330935776870894728e-15 -9.783243653335016886e-16 -2.777942456942158475e-15 4.023668557666083646e-16 1.371094425365175104e-15 -2.840261047913084880e-16 5.965333304577058970e-15 2.176873401542175333e-15 1.735109607594427812e-15 1.623353091869680983e-16 -1.777786834533354281e-15 6.906635964409323275e-17 7.139446831836306726e-17 -4.668961387332611200e-16 4.146229057700632669e-15 -4.449067281096658880e-16 -1.046035448394378511e-15 5.162499885278170886e-16 5.677995233022005075e-16 -4.745712823287824581e-15 6.520818853457443570e-15 2.769918588699512025e-15 -6.065137063344038687e-16 -5.975079633352409687e-15 -4.581634661831439407e-16 5.292644596773590760e-16 8.886231993197773180e-16 -1.064298534336665798e-16 -6.727549064792948075e-15 -2.387318511394906925e-16 -4.899696748152283755e-16 -3.686256030927150681e-16 -3.359710000993083872e-17 2.671315227328238514e-16 1.615247802449864604e-16 -1.157413432405683573e-16 -1.308658316313280703e-16 -2.302019003926513447e-17 -2.840535081880190017e-17 5.743908032268793690e-17 2.560222989361801935e-17 1.021731039644880630e-16 2.999856401946819258e-17 3.104989190570371028e-16 -5.274881671194320354e-15 -1.083728624976256161e-16 -4.552992445785200006e-15 -5.851385111931962465e-16 1.116315349281953869e-16 2.994601435653123902e-15 8.384686618496440574e-15 2.818643872135508571e-16 3.132583100751730156e-16 2.373432750850094548e-16 6.525907613716392365e-15 -7.941041865356532997e-16 1.716376648159997625e-16 -1.638866609068068484e-15 4.048690502097589659e-15 -6.843022844211217974e-15 3.472931818680463173e-15 -7.410384779773453597e-15 3.258594028836671189e-15 1.477411469370891328e-15 -3.772495548379059339e-15 4.805349710667651569e-15 8.376333053884285244e-15 -1.692524191496560185e-14 1.894085218742378274e-15 -5.463404009843828081e-15 1.627336955841471665e-14 -1.905175588283683939e-15
-2.835088165324222739e-16 1.479050712687873055e-15 -5.294429277919831044e-16 -5.847981836275250929e-16 -2.199520297896652860e-16 -1.067109782208416044e-16 4.164903780727098325e-17 7.906906069843864112e-17 -7.872918450710505153e-16 -4.979622708201734523e-16 -4.074142819106546550e-16 2.864436538192648560e-15 -9.574487028962328465e-16 -8.224544259989803922e-16 -1.659550944538113060e-16 2.796253903619950182e-16 9.807268155323951693e-16 -1.805625893735162972e-15 -2.372337405690223595e-16 -2.620151986557658242e-16 1.065429348404771426e-16 4.559906965864459349e-16 -5.264279115087474994e-16 -4.460962933100015942e-17 -1.112146034403998488e-16 6.996840193483715347e-16 -3.795587050729274643e-16 6.032290344827571363e-16 -8.409191372683265630e-16 3.597290085137984897e-16 5.897825370785121386e-16 3.954615463424343214e-17 -1.806254646938139050e-17 1.053801057445692540e-16 -4.848838398353246955e-16 1.428940429284893768e-16 -1.326675043146842867e-16 1.489790550966386948e-16 -4.564318073356692771e-17 1.575547807636262985e-16 8.983059282816354724e-16 4.039236315928803657e-16 -1.287903657198271714e-16 -2.683652686593004887e-17 -9.931734625004284669e-17 -1.107627943895158877e-15 6.230041348076317435e-16 -7.076868212530878464e-16 1.738916613518037676e-17 5.885183651878436028e-16 7.095630724791104462e-16 -7.485260037287520182e-16 3.995435597990440248e-16 1.923219042003120177e-17 -6.979684405964788222e-17 3.254737844080890546e-17 6.183075914948109496e-18 -9.910121878762048127e-17 4.779562376780861552e-17 1.325932442085319748e-18 -8.523791332966030983e-17 -3.140070885984623519e-17 -5.801197184743014450e-17 -1.355613400357411756e-16 8.981997772939464593e-18 -5.324427827361341075e-17 2.820310580944787264e-17 -1.077371789514605537e-19 6.375181514590394167e-18 7.601656592814962205e-17 -1.630480330420645444e-15 -8.365995735077994137e-19 -1.654711528457857399e-17 2.029754210638148565e-17 1.577534719142168154e-15 -2.223781635206670039e-16 -2.767577047450963654e-15 -5.821203686331916040e-16 4.939598422996789027e-16 1.560424260350959231e-16 -9.618838881332453248e-16 8.872239812563934922e-17 9.711382048324433474e-16 -2.997452103888949802e-16 6.839210847332678659e-16 5.343491785166181098e-16 3.499357424631010311e-16 1.205778281397507479e-15 1.415368840457911247e-15 -3.490814866311940303e-15 -5.831790762652813310e-16 -2.302809443906505510e-16 8.046590138452582319e-16 -1.082486762832627101e-15 3.124907602822654628e-16 -1.067932861349755857e-15 -1.598247419469373657e-15 -8.548675106465002854e-16
2.812555427041619480e-15 1.146662495763090480e-14 -7.344786543694767125e-15 1.003626905065277792e-14 -2.062920913077116277e-15 5.187849573976457864e-15 7.880620779032996167e-17 -8.519559859625209434e-17 -9.765725722502631453e-16 -1.679436405583673438e-16 -8.068521149817587155e-15 -9.574487028962328465e-16 1.882770497796437801e-13 -2.338426327051180159e-14 1.529808491137848492e-14 -5.378128962432189789e-15 3.117002602980422887e-15 4.288509651950162773e-15 -2.051040444984856300e-16 2.524699331439500666e-15 3.289501711422516775e-16 1.549381501994478969e-16 4.550499881811797459e-15 1.256449571180643411e-16 -2.398261230400084830e-15 1.246117274530132988e-14 -7.029139839198669272e-15 -2.033834130571457351e-15 -3.964415352849968956e-15 1.544094117109334346e-16 1.419624108544325849e-15 1.994856329213143560e-17 -1.534494503381953701e-14 -1.051879529545359553e-14 -9.649646200196252045e-15 -8.710593605124342965e-15 -8.022171305597871089e-15 -7.211976354023971060e-17 -3.539846936569232663e-16 -7.928325166822972034e-16 -1.566927551320859441e-14 -2.637288554630909110e-15 2.049147223976867013e-15 1.159268280318155014e-15 -1.475106664436521616e-15 -2.463295737417104120e-15 1.591509296412722864e-14 -1.644738201299434390e-14 5.839892636904919067e-15 6.799818382528372187e-15 2.345187603830674822e-15 -2.688435382004710763e-14 3.628623358573750103e-15 -9.856806341298879341e-17 -1.133178796523041666e-14 2.761245838118158197e-18 -3.545791515278468590e-16 5.174912524558204612e-16 -1.140145947701993493e-15 2.277182020918358698e-17 -7.056757346479659296e-16 -2.341841082830582821e-16 -5.159232263177003591e-16 1.555618202436185640e-15 7.053290562241335342e-17 1.915887855002790151e-16 -2.136087123044101110e-17 2.651501597355750573e-16 -1.069044137626370495e-16 2.943544180533436065e-17 -2.294991181203443296e-13 6.217152841259714371e-17 -1.120547697782632588e-14 -6.352682800559486981e-15 -1.125082632326989680e-14 9.797192847924051422e-15 -1.629675976330446282e-14 9.939035487676135900e-14 2.382203398039763910e-14 3.617305096911303180e-15 -1.733366849370061688e-14 -2.095208487598600767e-15 -4.510693764986381943e-15 2.160342841313669750e-15 8.923783171021672145e-16 2.196613679698616775e-14 4.024163879021901056e-14 3.170101353087445441e-14 1.837170229456003285e-15 -3.096903945907397721e-14 -3.162605379841786425e-14 2.158704065976280659e-15 -3.154264551328517881e-14 1.442500095646852111e-14 -6.272963126400237084e-15 -8.927746483432915792e-15 4.200778597907641439e-14 5.178172291353576322e-15
-1.029727623571036727e-16 -1.153715371625786894e-15 -2.010199363123928551e-15 3.174604694183934335e-15 -7.449115852748815356e-17 -3.775703075921346113e-17 6.868120153782841895e-16 -1.700228451951763663e-15 -3.971248028706815483e-19 1.185776761345712596e-15 1.880952055556036843e-15 -8.224544259989803922e-16 -2.338426327051180159e-14 2.770269322778923380e-14 1.675703097152209595e-15 -2.093222278947881326e-15 -1.638184646639424419e-15 -1.927635008121221011e-17 -9.147201718140225756e-17 -4.066456607075151992e-16 -8.963071437082521848e-16 1.452059964858118020e-15 -1.548824429471395136e-15 9.322109890521100956e-16 6.518302251242670321e-16 -2.016374439992881768e-15 -7.350861393266769293e-16 2.084887611468684942e-15 1.648233146971510119e-15 1.360854861806803347e-16 -1.027407675547258536e-15 -1.377453553804165536e-16 1.629459943015189306e-14 3.492347414635658785e-15 -3.304200331405635816e-16 -2.673419184948171751e-16 5.223296063183289832e-15 2.922744440034645616e-16 1.342675037946865459e-16 1.353052932036534339e-16 -1.811566453629580795e-15 -2.327874654658915525e-15 1.487708180530421594e-15 5.143025642898201448e-17 -3.897350474143114166e-16 -2.344782960342327837e-15 1.003157313649572096e-15 1.949831884044663834e-15 -1.709033969099013602e-18 -9.229216631159998987e-15 6.249948859037111971e-16 -1.134066405422310929e-15 2.198446907484053889e-16 -3.031603818741569148e-16 5.170761478905342057e-15 3.723273267692054357e-16 1.092332560422815788e-16 1.810684810388120543e-16 1.605390855369494988e-16 -1.146991592951035991e-16 1.950497725085502915e-16 -7.389947070180252343e-17 1.231260565302642454e-16 -6.265824123395838425e-18 2.292477528733772225e-16 1.350356850258464449e-16 -4.493630316194502135e-17 4.830264432209855196e-17 4.008862558960217591e-18 2.911495289769610449e-16 2.675924008964342276e-14 -5.858922631103234179e-17 -2.252345749742220749e-15 -3.625388835159453777e-15 6.128573346335539441e-16 -2.193394427947913567e-15 -2.188931157213829073e-14 -6.105613728150108897e-15 -3.216269449711042813e-15 -6.990875669054715574e-16 1.270107427464600373e-15 5.805580444212477279e-16 -2.590453417438813970e-16 6.536101191920284096e-16 2.551050663887588373e-15 -1.751947215823080023e-15 5.941865453490363673e-15 4.460803051574824001e-15 -8.588260403293386970e-16 -2.890565434832412008e-15 -1.325603555182116187e-14 -1.258056901866894100e-15 -3.329897187857879023e-15 3.992027722360336438e-15 -3.306161557060225114e-16 3.723351954455821353e-15 -9.682271122913652276e-15 2.415358384116507499e-15
8.292325391175959716e-16 -1.668967810230371031e-15 -1.411527003502904733e-15 -1.234863237108804195e-16 -9.042491947052859025e-16 1.675642984169177220e-15 8.340659217911910300e-16 -1.384895428481832766e-15 -3.645356632897340215e-16 -9.528453366010335806e-16 -2.071857635879009699e-15 -1.659550944538113060e-16 1.529808491137848492e-14 1.675703097152209595e-15 1.774147538131250495e-14 -5.549995982150640515e-15 1.917807111020143903e-15 8.593298259278747970e-16 -4.092052094649195646e-16 4.668374831593456909e-16 -2.138215877986565774e-16 -5.812806657263735856e-16 3.589381207893760947e-16 8.122644754244060744e-16 2.661659538805864397e-16 -9.144373864943447617e-17 -5.942237782151678173e-16 2.365149046771597354e-16 -2.722988327178611168e-16 1.080649658913181972e-15 -8.494832247007683561e-16 1.150483609178806991e-16 5.200348239843578060e-15 3.877213685999699634e-17 -5.610322586913533929e-15 -5.119163421279494836e-15 5.835807396302168098e-15 6.286595302053955456e-16 4.741276696804462529e-16 1.709037220940064455e-16 -3.830880197155159715e-15 -3.156911951244259558e-15 1.268724214841951979e-15 1.088402805429050164e-16 -1.180726240928215793e-15 -9.127702454943578248e-16 2.227328129351536010e-15 -1.703514835635610931e-15 2.192262461941941455e-15 -7.799946258861428325e-15 5.176925275568626475e-16 -4.362819818489338658e-15 -1.750889879245839075e-15 -4.927955275321742046e-17 -7.573692706922941263e-16 -4.276970038123402015e-16 5.966454764143671993e-17 -9.280109335985324653e-17 -4.943576854432647224e-16 -6.391085196193983934e-16 -2.657332981234646092e-16 -4.431386020349270470e-16 -1.218542871610981717e-16 -1.448773845107911163e-16 -3.076110096451158828e-16 1.067646543877199590e-16 3.273499714960244654e-18 2.658358375839889795e-17 -2.299154292762788711e-17 9.881154079007016166e-18 -5.795001788132714022e-14 4.793533474524000619e-17 4.327005179304911935e-15 3.648296725872734507e-15 -8.001255838615443537e-15 5.383219573408870724e-15 -1.098763180529617181e-14 2.081453044980623223e-14 -1.627900691922302377e-16 9.252509563719299135e-16 5.597868578952491960e-15 -6.299337266801274756e-16 -3.082611209945363090e-15 1.138499221643826977e-15 -2.480028571786069098e-15 7.876680771238349007e-15 1.830473988967590294e-14 2.953800342425386314e-15 -1.482917263601152739e-15 3.684279845506112659e-15 -1.191516569231434661e-14 -6.982547143669819937e-15 -6.084963623602887416e-15 5.260168151065754216e-15 -3.705977272841247442e-15 -4.273653732076800631e-15 5.386614810216118011e-14 2.582393709149343147e-15
