9.946523920935142380e-16 -2.397190384056668039e-16 -3.419117942195896470e-17 -1.119967660080628301e-16 7.891412748314026084e-17 3.563210587773829362e-16 -2.109154144131872733e-16 -8.517497238580543569e-17 -2.841432960507016548e-16 -1.029010456158355462e-16 3.271030746230393344e-16 -9.371776252259286199e-18 -1.134584957879552224e-15 2.435700499841611744e-16 -4.160856505930184122e-16 -5.642449294486164494e-17 -1.531832108548023998e-16 -3.303037326813794047e-17 1.480446312511915090e-17 8.667563269384688885e-19 -5.517553478427499100e-17 -1.524926010008841493e-16 2.977094464554388779e-17 3.155011606717582877e-16 6.560672461094739030e-17 -1.901965998661427882e-16 -3.776250514148993800e-16 -2.772061181300554455e-16 -1.179518005593236761e-16 1.008891307134372681e-16 -6.269927175090952575e-17 -1.263912520054359624e-17 -1.577172917378229769e-16 8.603046248596100261e-16 -6.360439896987054721e-16 -1.399711098854142132e-16 8.117973896074630838e-16 -6.405776384340441277e-16 -4.078624808351482874e-16 -7.064966952214749136e-17 1.697703403031572452e-17 -2.651634336787051935e-16 -3.685769183910374026e-17 -5.467016172129337075e-16 -5.061585122139785566e-17 4.696246117327898602e-16 1.935057130399183148e-16 8.030092098857086989e-16 -5.668709403972576391e-16 1.705484279216747674e-16 3.578206600922545652e-16 8.877311256798861070e-17 6.439357708573757820e-17 -2.595635219831387878e-17 8.451490896876223260e-16 -4.559672969396740936e-17 -6.766374104031662086e-17 -2.983346161019053824e-17 2.447275723782934086e-17 -6.779447645275719190e-17 -4.692340038166219445e-17 -6.346950164420314755e-18 -3.249422201354774548e-18 -1.036502390959594114e-16 -1.620725255409292655e-17 2.510799733730483353e-17 -2.671630265511794418e-17 -9.498347902952223907e-20 -1.922857508096535932e-17 -5.352387268331060784e-17 -6.386947373520486500e-15 2.090801693990474203e-17 9.093927038786289011e-17 -7.457882882386743124e-16 1.735921170678805737e-15 -4.629778770062875261e-16 4.118608944395801351e-16 1.971378038079122370e-16 4.215862337233597737e-16 7.965498461495250537e-17 -1.736026935268042402e-16 -9.865280102379409763e-18 1.993676146645274178e-16 -4.620282610050505569e-16 -2.050109245886230978e-16 -5.226787542861263734e-17 -8.828413227610630865e-16 -1.471955410442839097e-15 1.048156419221020869e-16 -1.283203115087023444e-15 2.273502664248987830e-16 1.724317563576172160e-15 1.699263501773600595e-15 -1.908924286285280554e-16 2.668551920331253831e-16 -9.689864617811099869e-17 -3.416534504874895239e-16 -4.102779107717768054e-16
-2.397190384056668039e-16 6.914549869242527572e-14 3.379379545627724019e-15 4.682989971913022407e-15 -1.700849362010451396e-15 -4.611049946338617937e-15 3.035642625227727657e-15 -4.744146687612254702e-15 -1.022226159915067634e-15 6.232556377559163691e-15 7.175073274525133204e-16 2.504432601303962303e-16 -1.218214591379681919e-14 -1.207061814195258342e-15 5.175076190221596912e-15 -4.124689857603683146e-15 -2.947774246912656274e-16 1.103600088713690517e-15 9.496078064685074331e-16 1.626683644586748877e-14 1.408400310993055689e-15 2.255965960069433359e-15 4.477305761503950841e-15 -3.527998100216217785e-15 -1.076406982590398158e-15 -3.391953674646818250e-15 6.609503240106298687e-17 3.486147248012424480e-16 -2.896811567368433328e-15 3.458075842024872958e-15 -2.536327538884914332e-15 1.976248643418006225e-16 -1.250815160225933396e-14 -3.555549586491876425e-14 5.216725135149945848e-15 -1.899030227263159082e-15 -7.968608211873951164e-15 1.443276566964776692e-15 1.831359827511637152e-15 -1.031486853736311782e-15 -7.951688026104651393e-15 -4.341108698747124294e-15 4.231900459335638516e-16 5.691601112541758774e-16 -9.271670014155363317e-16 5.524018336346154533e-15 -6.940166520769434376e-15 -2.693620600440140353e-14 3.878931424373289298e-15 1.928710039440937954e-15 -4.099253857588523798e-15 3.289221140057220048e-15 5.220778728769053393e-15 -1.463399090517321168e-16 -3.114775384921176370e-15 -6.928276937408978074e-16 1.537833476160836629e-16 -5.068736940565902151e-16 -9.726916429710749307e-16 -1.109748442593796964e-15 -4.347181339860239114e-17 -3.371749184790852623e-16 -3.131723509124276219e-18 -1.600542287404648759e-16 -8.602930844000813980e-16 1.264371152448037449e-16 1.923661396346607103e-17 -3.717196793962155015e-17 6.829649721213920515e-17 -3.405650779084117095e-16 -6.089058225927240428e-14 -1.515158926399742660e-16 -2.795408622797351702e-15 1.191677722657275204e-14 -1.048210777129024734e-14 -3.158166525586247539e-15 -7.257206152861729709e-14 -7.150103112096404045e-14 -5.706463956843854408e-15 2.235798819610586682e-15 3.231796276291138165e-15 -1.881141954792100124e-15 4.108584163295650470e-15 5.579400659724141831e-16 1.601996201028950222e-14 -2.432045177446742943e-16 2.323599118893743405e-14 2.182394251386383177e-14 -4.268362681129349949e-15 1.135637878404648447e-14 -2.080588782274246916e-14 -3.829892051455312078e-14 2.919377621695244488e-15 2.330020520967866075e-14 -5.845811895205158937e-15 3.246233871481892870e-14 -6.643398584322516881e-14 9.736326915313610813e-15
-3.419117942195896470e-17 3.379379545627724019e-15 6.109946021338310948e-15 3.116141415699573218e-15 -1.261499749844415462e-15 5.517904787719059292e-16 -2.233150952643514122e-17 -5.369073567603366656e-16 -3.239199728738377818e-16 -7.006271184845395871e-17 1.430690512671809456e-15 2.417013181806703305e-16 -2.042788599251506748e-15 -1.225273209641839896e-16 5.616301293509299737e-16 4.014927411718939490e-17 -3.908408497204893263e-16 5.340601226756494675e-16 7.472694799151127804e-17 5.887338273754909325e-16 2.338796286136534131e-16 -2.909088179114503670e-16 4.515634858336569129e-16 -3.816729682763247770e-16 -1.077788186989478447e-16 -1.470142345949404585e-15 4.636538594088325144e-16 5.231249865190058068e-16 -8.799052965102469064e-17 2.253287796077253839e-16 4.115234138178402566e-17 -1.141159034648668583e-16 -4.897834670917266260e-15 -3.654087261313652872e-15 2.726869231094661074e-15 8.826630384541393685e-16 -4.329725022846321730e-15 8.318064632655193464e-18 3.166134649613243179e-16 -2.883979018499393638e-16 7.908408983202933483e-15 -1.901867711231375015e-17 -1.152498747018493622e-15 -9.847088876444245401e-17 4.413932441662423258e-17 -3.993358942771553990e-15 4.500476151383191391e-17 -3.129304069264069930e-15 -2.137862348198682236e-15 1.809865190014729257e-15 -2.463701790715826045e-15 9.882070530074492496e-16 1.699326645087100063e-15 9.420524589112954754e-17 4.680946881457176553e-17 -8.845999936730854388e-17 -1.330140508512548738e-16 -2.426139939569931895e-16 7.829897742022558749e-17 -1.745997682753408742e-16 -1.539099435427121840e-16 9.789692720507799953e-17 -3.413058826323155609e-16 -1.295719014108592216e-16 -1.580180323003902468e-16 -3.781948059284825292e-17 4.000518085051802175e-17 4.865047482536218231e-17 1.584452766668214039e-17 -3.135400328124743687e-16 -2.007365180517254081e-14 -1.154882061466463011e-17 2.212840119898441119e-15 3.390964778162401484e-15 -9.384280277340866899e-16 -2.646204286151523834e-15 -8.978836002324342081e-15 -7.144780261704792375e-15 2.741938694958270025e-15 -3.111549686251124523e-16 -3.984383433442021448e-15 1.625619419563884049e-15 -4.077769622032779048e-16 -1.991922803369413978e-15 3.250149198338623745e-15 -9.851340484798052363e-16 1.661008730939067296e-15 4.690880165624408041e-15 1.428027522923880905e-15 -4.289025433937653082e-15 -6.226651936397073811e-16 -2.725753187080361877e-15 -3.921076160395519976e-15 7.311954541864402140e-16 3.179768050796516064e-16 2.227737221464214482e-15 7.521961654863845916e-15 5.820264178406988361e-16
-1.119967660080628301e-16 4.682989971913022407e-15 3.116141415699573218e-15 6.929111060570732290e-14 -7.587928382071793006e-15 -1.212174627537637232e-15 -6.902956486213783887e-16 -9.683559492245313506e-16 -6.711334001928797953e-17 4.881693404986851295e-15 2.127225403071973160e-15 1.539863851346404163e-15 -3.835736447267548460e-15 -2.015289321437469618e-15 8.052732883570287107e-17 2.341529472600495065e-15 -5.986479429981217524e-15 8.186075677980025093e-16 8.338811048003575982e-16 8.847372797728493484e-15 -5.342184191345637946e-16 -9.367301853185709299e-16 8.321577019355624458e-16 -6.014978416498924330e-16 -1.802626836454579090e-15 5.960590499551384268e-15 -6.003767409039573884e-16 -3.552095078473348130e-16 -2.784770241872859567e-15 -5.596869086442569363e-16 -4.904994715612272512e-17 4.385846095400964367e-17 7.017154567320957378e-15 -2.020859432328536318e-14 3.612653363732463255e-15 1.975596142512075784e-15 -1.485860471383757759e-14 5.215041250104717741e-16 4.662696754298475866e-16 -4.564982419510941575e-16 1.481560547002053029e-14 -1.253188649679224310e-15 -5.631684128473248348e-16 3.151712206410473820e-16 -1.465699645813883867e-16 -2.850752520040014148e-15 4.112378878618930350e-15 -1.240468803856689491e-14 2.511001170958881103e-15 2.061744461090015100e-15 -3.140204264544485728e-15 3.424199964320145387e-15 2.081811538621596044e-16 -2.203579938769141232e-16 -1.253846339626685145e-14 -4.086849753494709111e-16 1.328627137228603577e-16 -5.336075078217710999e-16 1.084019785952490428e-16 -2.970006734550288554e-16 -7.907411892202828695e-16 -3.543500638581638422e-16 2.174738256552184639e-16 -3.684436982112767333e-16 -5.862189471387102649e-16 1.062856411321809795e-16 5.252819032120504858e-17 1.606419421932158677e-16 -1.344750276282679675e-17 7.388798796809315101e-16 3.894068773350822391e-15 3.338003130350044809e-17 -1.013122307643589213e-15 8.134730919835089599e-15 -8.931776355990939481e-15 -6.019995283047878555e-15 -3.078672284732401552e-14 6.923251465438916261e-15 -2.425403130740247112e-15 9.736257543581975402e-16 -4.219920423830989144e-14 3.493197083080523309e-15 -1.487587692206354615e-14 3.741686849468548490e-16 1.152458744379807993e-14 -6.081288637343658524e-15 8.320829460498077366e-15 1.538474954148881073e-14 -1.882640316846594501e-15 8.383514479129384318e-15 5.321049307416763027e-15 -1.568639207978560033e-14 -1.241729712158830336e-14 1.928484178685095728e-14 -1.887898472867830506e-15 7.703544501000470200e-15 -3.830158918626647061e-14 3.581173673994649532e-15
7.891412748314026084e-17 -1.700849362010451396e-15 -1.261499749844415462e-15 -7.587928382071793006e-15 3.138162100808902423e-15 -4.703045908239949279e-16 1.614000747892843866e-16 1.232413828026645605e-16 3.320108491652608081e-16 -8.781460929742183041e-16 -7.583151055074192544e-16 -8.307369919034592565e-16 2.368321695611414026e-15 1.535933595063649278e-15 -7.140543496680222280e-16 -2.757697903979978105e-16 7.981933989569106608e-16 9.633984608774533295e-17 -1.175654943010604155e-16 -1.458775140130175754e-15 1.421883672314328197e-16 -2.346128045624211415e-16 1.190493458712847270e-17 -1.180371972269592937e-16 5.998493300730261331e-16 6.812650399675317967e-16 -3.265754658480325745e-16 1.775350528414430847e-16 7.720862019135362325e-16 -4.359954604410902081e-17 -3.723074168716085399e-16 4.816739857176717234e-17 -2.813295369338328938e-15 3.789800068391494627e-15 -7.338973304818157712e-16 -9.793667691717285571e-16 5.200261121529847828e-15 1.689827467235906946e-17 2.622357071215534285e-16 1.103328123874042896e-16 -1.288401356711829490e-15 3.348730881921720409e-16 6.444239091988287363e-16 -1.071002865377553218e-16 -1.916796856131643481e-16 2.247241897220684727e-15 -1.654636957906670180e-15 2.547871089614423254e-15 -1.027154026665695383e-15 -3.077603264292567446e-16 1.403319919004633363e-15 -7.804142452546758735e-16 -4.937590678625960998e-16 -8.424472447702788140e-17 1.257167022704337475e-15 1.375696199089346163e-16 1.136348288873297410e-16 1.396651978604702978e-16 -2.580161166331955537e-16 1.720450600558985675e-16 1.889808754102363225e-16 1.197428137731993248e-16 1.564896096989719368e-17 1.771420822311385526e-16 1.018407516730656790e-16 3.186630956499414719e-17 -3.467229238041812672e-17 -6.745739870501108075e-17 -1.102154901694729471e-17 -1.276686396580554070e-16 1.383961523021639157e-14 -5.748451195065305236e-18 1.213999450585102774e-15 -1.833983018099544270e-15 1.794324160120234606e-15 1.261947843976081342e-15 8.942464988555633995e-15 -1.229784351402193793e-15 -5.678396615286671216e-16 -5.991047340276872705e-16 7.165530922761536315e-15 -1.783838352807587627e-15 -3.928383470223099171e-17 3.830146821104495204e-16 -5.454473327911949726e-15 1.591436280241361421e-15 -2.749934252192753785e-15 -3.929875089963667402e-15 -1.588477370811706523e-15 1.998104684061768490e-15 2.286995103081245318e-15 4.615398571860988624e-15 7.394691213317098615e-15 -4.232559523088981675e-15 1.206762384736895930e-16 -1.832977272636505039e-15 -5.207487801048360561e-17 1.956609614462225264e-16
3.563210587773829362e-16 -4.611049946338617937e-15 5.517904787719059292e-16 -1.212174627537637232e-15 -4.703045908239949279e-16 2.111292389404685330e-14 -5.005471128180966680e-15 2.955696716838880905e-16 -1.077002212772894492e-16 -2.241459057192454010e-15 7.515724215327832260e-16 9.820241964768503288e-16 -6.388522512707128313e-16 1.073558330261057286e-15 9.010149173822902420e-16 -2.349729809320007873e-15 8.168292520285415584e-16 -9.911333283831717775e-16 3.004791990186995334e-16 -4.698373442039937536e-15 -8.773336640774000840e-16 2.325226009294356867e-15 -1.069482005266727687e-15 1.287595911196629817e-15 -1.314587766473087632e-15 2.160810499307623499e-15 -7.598500822518671513e-16 5.354200421844566470e-16 -1.658668197377151204e-15 -2.226397518163674203e-16 -2.266408684597578211e-16 -2.263090814897596201e-16 -1.620517718840073093e-15 8.530156719920946227e-15 7.034274376146513100e-16 2.246077616551916632e-15 -4.513956332585898234e-15 -1.254712345017005082e-15 -1.445233079811829119e-15 -5.849942264907845015e-16 8.489447556685522387e-15 -2.049961064280831495e-15 -1.749239514753281277e-16 -4.704016548073266497e-16 7.125189158185193020e-16 -8.615620257455021238e-17 1.691436875731060573e-15 2.846165545015327442e-15 -2.693705136667955893e-15 -1.562586161725289599e-15 9.023301423608971839e-16 1.013906107070061787e-15 8.291648662274402141e-16 2.983155481237394957e-16 3.731876028947116159e-15 2.117580222709686078e-16 8.715543507272938002e-17 1.692408321862542781e-16 2.514253821095328027e-16 2.128509510227941791e-16 1.102746194771671907e-17 1.439202768545762473e-16 -8.945076125265465503e-17 5.921734199825643509e-18 2.142499984270299234e-16 -3.090576174705802430e-16 2.040480362127579480e-17 1.199259000051024084e-16 2.590530380054224392e-17 2.542624576075172204e-16 -1.209299128935723916e-14 6.962260789851448084e-17 -8.614829895489933329e-16 -1.042953197262031206e-14 5.567953228119421367e-15 -2.526914520017776930e-16 3.941603435159383198e-15 9.454578314955513175e-15 3.001033135814641277e-15 -5.064537259483240052e-16 -2.308208625244512113e-15 1.722530389940160301e-15 -2.907705625208363082e-15 -2.183651133375779263e-15 8.434019908045790523e-16 -3.901897302409906416e-15 -6.031413994795464928e-15 2.293829386316214178e-16 1.592732608209435699e-15 -1.070387017854023823e-14 -3.547647730257991423e-15 9.937304979117572959e-15 2.055974778010876662e-15 -6.991718475510226775e-15 2.843506344945571555e-15 3.413767789096178648e-15 -8.336636206836698147e-15 -3.680488360128969563e-15
-2.109154144131872733e-16 3.035642625227727657e-15 -2.233150952643514122e-17 -6.902956486213783887e-16 1.614000747892843866e-16 -5.005471128180966680e-15 9.343894059559816128e-15 -6.149593016264973421e-16 -5.521541043342572663e-16 1.149710407359326996e-15 1.386586709248184117e-15 8.860229507627271427e-18 -1.724594049703228699e-15 3.072344134426807542e-15 4.056278416822719036e-16 -1.086153747159075073e-16 -1.262558683822970018e-15 2.316224230752852091e-16 3.204018464042978924e-16 8.982695627073692272e-16 -4.317738543051667385e-16 1.017099755958965295e-15 2.456602073906011585e-16 -5.006819409187408662e-16 -2.375451514294208118e-16 -7.555855959199509720e-16 1.999902213511583517e-16 2.610936792631991286e-16 -2.081485529347411900e-15 7.029746037451624303e-16 -4.132601114545964141e-16 9.664428221044978467e-17 2.873054016333048201e-16 -2.026995846008298699e-15 2.507473520149832153e-15 -6.003517059551616309e-16 -1.683033555952071698e-15 1.916470496394239389e-16 -1.460270383388734977e-16 -2.867019886381855649e-16 -1.294989239303544984e-15 -1.546563207663754403e-16 -6.015553551714145493e-16 3.836811053626308807e-16 3.167203725352421432e-17 -9.145549928324714723e-16 1.584094484230175542e-15 4.598915976625235620e-16 -4.425466319293468737e-16 -7.193259818802432176e-17 -8.674258538317891314e-16 1.108899992539488143e-15 1.080100669082328972e-15 5.542166566971322000e-17 -1.347917653569545158e-15 9.710580504685185944e-17 4.266722502505672360e-17 -3.274898342728879737e-16 6.772142077262365825e-18 -1.493853747839567516e-16 8.947245088068828850e-17 -7.082004567215199292e-17 -1.907511368621003845e-16 -1.241027910965869414e-16 1.974877271842091389e-16 -1.312747870078619563e-17 -1.766826769891024175e-17 3.707573645601876637e-17 2.313199092634582569e-17 -6.145945139297701290e-17 -1.098851686075528491e-14 -1.090606419806833370e-16 -7.283456694859377882e-17 -3.007626938506646945e-15 1.632869471152769681e-15 -1.794966573283344680e-15 1.482238859164022217e-15 -5.976827854887962153e-15 2.220787958003438324e-16 -5.720456182428859653e-17 4.150321963392392590e-15 -7.134239874986756369e-16 -3.281943462163068442e-15 2.748187519148708293e-16 9.453799111076131279e-17 -1.024464504057726222e-15 1.584380092603691727e-15 5.714869046655400832e-15 2.568603717549438000e-15 -3.051240738602134257e-15 -3.107692679565602430e-15 -5.723132019087654756e-15 -1.215444779973100644e-15 -3.703039799502360858e-15 1.283526250596559304e-16 6.050517278916416766e-15 -1.278617888399174035e-14 -1.286070121349740801e-15
-8.517497238580543569e-17 -4.744146687612254702e-15 -5.369073567603366656e-16 -9.683559492245313506e-16 1.232413828026645605e-16 2.955696716838880905e-16 -6.149593016264973421e-16 7.922295674569924236e-15 -2.392725714840377954e-16 -4.303648831307226773e-15 -2.140896838255402077e-15 -1.193509863162417119e-16 4.768598522921240769e-15 -2.295982404179014951e-15 -1.912730540517229001e-15 1.570109264618620237e-16 1.590604860670919853e-15 3.100258473133777351e-16 -1.347162642320289253e-16 -2.960364283879804760e-15 -2.538398727956330418e-16 -4.383848858923060048e-16 -2.157891581063976695e-15 5.471473453585215152e-16 2.020861294514416846e-16 1.998438456126315554e-16 1.325879003233902340e-16 -3.274143659556618284e-16 3.862044931637714522e-15 -1.341737240628404517e-15 7.391202111343472023e-16 -5.264254675064222986e-17 -1.572578618482880317e-15 5.959860545278489668e-15 -2.706852233597660791e-16 1.667188971226615369e-15 -4.529157595394809952e-15 -3.653070426991752536e-16 -3.475948953497450816e-16 1.181177879343316421e-16 3.957815894374210092e-15 2.184655968211519178e-16 4.323803807871460377e-16 -6.207308748968896143e-17 2.679143228127525928e-16 -4.510397627554636032e-16 -4.363716770446144354e-16 1.428122341204202280e-15 -2.968474400575040641e-16 -9.564365805738176605e-16 4.540399942998406650e-16 -1.010170236596067522e-15 -6.197865187757535426e-16 9.674897852061042178e-17 1.885158618068925993e-15 2.147044651077663403e-17 -3.330413193886640009e-16 3.147509289062469354e-16 2.162049032170692357e-16 3.253689203720197001e-16 5.611943747880543049e-17 2.125044903580737339e-16 1.297053407259765301e-16 -3.805974288261637254e-17 3.193456341240505760e-16 -7.911919308258924929e-17 4.267400242772636257e-17 1.854047683135827531e-17 -9.065905911276450951e-18 2.136305841622249367e-16 -4.173986333844716042e-15 5.576792087944897990e-17 -1.659489547833667953e-16 -1.233656755338381694e-15 -1.008055080495647178e-15 7.574606639582655552e-16 6.100651809439328068e-15 2.453872946981910115e-15 3.125857197554456632e-15 -4.045714159033305158e-16 -3.687605397853115856e-15 8.508978757466648042e-16 5.528012437979789170e-16 -7.032091173392776795e-16 -3.670339010848054444e-15 -2.321285133215943027e-16 -7.486970689442872634e-15 -2.322749071123262490e-15 1.538470480647638476e-15 -5.088806554076753268e-15 5.380548880154244040e-15 7.504751533978852729e-15 -3.943216485425277329e-15 -4.505226590499825292e-15 1.402561470018989251e-15 -4.606147607773790892e-15 1.231375642930688846e-14 -5.479724356029196484e-16
-2.841432960507016548e-16 -1.022226159915067634e-15 -3.239199728738377818e-16 -6.711334001928797953e-17 3.320108491652608081e-16 -1.077002212772894492e-16 -5.521541043342572663e-16 -2.392725714840377954e-16 2.073689178826357326e-15 5.480932947562643605e-16 -1.102200261814289753e-15 -8.704886045714190935e-16 1.570315619637958643e-15 -1.071192475448347425e-15 5.140206432608415777e-17 3.198317935020252573e-16 5.193918234966134517e-16 3.165508472732119010e-17 -1.910182223672365046e-16 -4.535593636220110004e-16 2.223881188109076490e-16 -6.367606092824622828e-16 1.668646229814826041e-16 -4.921050887628429712e-16 -2.500435771752065033e-16 3.767374456738916767e-16 8.545729145297019523e-17 7.163190354325285130e-17 -9.455092744662951559e-16 -2.154446186923696237e-18 2.205739532154488498e-16 2.571966192375840584e-17 -1.093534175096569867e-15 -1.543053642796578847e-16 -4.201732364974981976e-16 -6.345058472017547542e-16 2.508514459345310724e-15 1.101695104542912030e-16 2.135354558713360365e-16 1.795004097740995558e-16 -1.208554485154542650e-15 6.394015284918626409e-16 -5.428514210444302200e-16 8.540094590427985399e-17 -2.779031144061653141e-17 4.246467662255476644e-17 6.479175066619986958e-17 -7.225256183439886782e-17 3.972121355620927896e-16 4.223712423229503474e-16 2.752756465902051432e-16 -7.583774143042695295e-16 -5.959483593857512375e-16 -1.015082023997935884e-18 2.570889209925495731e-16 1.239137376246590972e-16 2.236515727648735911e-17 1.118880839087632168e-16 2.577215966389539817e-19 3.823548835776545741e-17 -5.079373190847652201e-17 -4.521578282756785284e-17 1.458724628203524616e-16 8.771461978906184141e-17 -2.280629377905499485e-17 -1.819266766453537212e-17 6.417142747045898346e-18 -2.565732194020950320e-17 -6.406672776213072676e-18 -1.041140194056085631e-16 5.226480372360109728e-15 9.819200478009206363e-18 4.058864376029781738e-16 1.263852754725114627e-15 -9.480566986910411963e-16 7.109150480662306783e-16 1.088383543269942345e-15 2.208704752775930636e-15 -2.162699837022305425e-16 4.814658046652005939e-17 -6.673578281248763045e-16 -2.997827541673221698e-16 8.131787783468158096e-16 3.312010972073838184e-16 -5.920388466639693172e-16 -1.515816446390077977e-16 1.544109750991969913e-16 8.983713244063543616e-16 -2.269945917652848192e-15 3.111853335568676870e-15 3.258693159227679860e-15 -2.978602990170966351e-16 9.375569501663886629e-16 1.992332200171205468e-15 -8.063951474710814533e-17 -2.379456581183126919e-15 7.540179283566464919e-15 2.623960161015696196e-16
-1.029010456158355462e-16 6.232556377559163691e-15 -7.006271184845395871e-17 4.881693404986851295e-15 -8.781460929742183041e-16 -2.241459057192454010e-15 1.149710407359326996e-15 -4.303648831307226773e-15 5.480932947562643605e-16 2.293722310388730088e-14 -9.213352599232422602e-15 -5.172278166797474832e-16 -6.851804645602122325e-15 1.265069275056651649e-15 2.699159068524818701e-15 -8.864216212309962610e-16 -6.385208077258156768e-15 1.960199040632947485e-16 4.790914651422815101e-16 4.968258485033464536e-15 1.976516474060441430e-16 -5.291629818662086969e-16 1.802756839990166364e-15 -1.272422938861975196e-15 3.659651682613827017e-16 7.666263989942140333e-16 4.244877947080797281e-17 6.500062562796769166e-16 -3.170909368128961760e-15 9.626592090093708510e-16 -4.733371712272991791e-16 -3.892101243478077255e-17 -1.472168553766499895e-15 -1.055879894784596926e-14 -1.735772068262024867e-15 -1.756464879780620797e-15 3.601755565135755454e-15 1.429626875918975516e-15 2.265829934615702458e-16 -2.145342139942386212e-16 5.655514825488568369e-16 -6.435149724714815644e-16 -6.785039702998943044e-16 5.324664465614800534e-16 -7.899358578680257296e-16 2.540175892839531000e-15 4.157274791549112715e-16 -2.514407590111980194e-15 1.751222097861678824e-15 -2.718398042235974678e-15 8.805363093770760651e-16 2.318473817234273473e-15 1.182841459822274017e-15 -1.329516565449171467e-16 -7.640053263377999597e-15 -1.941242255749232358e-17 4.515726115173513531e-16 -2.367482133288938979e-16 -3.244671378025856923e-16 -4.100849872557094390e-16 -1.994250288329496866e-16 -2.566449314859759707e-16 -1.054571568601785593e-16 -1.022518469771989865e-16 4.550503304436382730e-17 1.417360795487502407e-16 -1.067624559700123942e-16 -1.888523118742463099e-17 -7.849973288481912411e-18 -1.378427695225350412e-16 -2.506628577725711375e-15 -3.225312646172395424e-17 -1.869241251250171134e-15 3.008852558734317549e-15 8.284783373854331469e-16 -2.545564096465712184e-15 -1.380246889002848323e-14 -2.742729540766426868e-15 -5.262907603962089986e-15 4.929173538043881274e-16 5.701239671628384416e-15 -7.780635630692551589e-16 -1.383830032380455466e-15 1.649095112654143428e-15 3.749239772813765284e-15 5.530212062312334338e-17 7.283098350661343766e-15 8.233127786604004426e-15 -1.247401125397682049e-15 6.786822573707957497e-15 -2.892365472231742847e-15 -6.724643783002285152e-15 2.086339934473925532e-15 8.369941522597022599e-15 -2.575064037938598519e-15 5.964980643522057291e-15 -3.333924667511034088e-15 1.115828820877747627e-15
3.271030746230393344e-16 7.175073274525133204e-16 1.430690512671809456e-15 2.127225403071973160e-15 -7.583151055074192544e-16 7.515724215327832260e-16 1.386586709248184117e-15 -2.140896838255402077e-15 -1.102200261814289753e-15 -9.213352599232422602e-15 1.474454860417176192e-14 8.536389299200576231e-16 -4.024133099971075240e-15 3.547239801469518559e-15 -1.499726937500414324e-15 1.035977473661393156e-15 -3.598237105130021237e-15 -3.878779830531489435e-16 6.868700998252766413e-17 -1.437088829152413194e-15 -1.053864195408645099e-15 2.348538536280198546e-15 -2.362531445970175249e-16 4.580042818223190459e-16 -1.442470959735142883e-15 7.610302393883955673e-16 -7.632982739320843944e-16 -1.640341524574095396e-16 -8.700778396053777795e-16 -8.629786046960191580e-17 1.361740958069251832e-16 -7.075259317379423193e-17 9.891234193879174624e-16 4.221013509271949710e-15 2.446287151746896067e-15 9.214569036214187824e-16 -3.704388278446858843e-15 -1.055919418605032722e-15 -5.234897892900574209e-16 -3.768480614149423390e-16 9.465742231503128161e-16 -1.593683703566560077e-15 -8.622905008929371627e-16 -2.210737030483620988e-16 5.645607359452432248e-16 -3.530349362940929447e-15 2.800990744961509945e-15 -2.957907892318636797e-16 -7.301515198906556591e-16 2.590949465416695385e-15 -1.424634087173415620e-15 8.443894210342713977e-16 2.446199243219951863e-15 -2.919326978161430707e-17 3.809302821990976139e-15 -8.722697378338322976e-17 -1.956686943119629098e-16 -3.524341087406660887e-16 2.634315014458123347e-16 -9.699743374281741357e-17 -7.292656090439337133e-18 8.360874912501743770e-18 -1.510886779765135718e-16 -2.734605139547919557e-16 7.793319971021048651e-17 -8.140354463345105128e-17 6.285734312319961969e-17 5.453571820233551199e-17 3.636978307818770773e-17 1.272148727327993717e-16 1.706430459464769233e-15 1.071382735519688677e-17 1.657655276696078027e-16 -5.720271265309946536e-15 4.533563925775398535e-15 -4.331853627258872917e-17 5.250976241194922193e-15 -1.002016227875452381e-15 1.723084763697260425e-15 1.449952595488257272e-16 -3.062936624298905635e-15 7.292361579240952658e-16 -1.347156241510050630e-15 -1.409502711094703296e-15 2.553058954888464836e-15 -1.905747213624241928e-15 1.795383396790617400e-15 -4.714379967002136773e-15 4.118738534371452015e-15 -9.305260468155594272e-15 -1.701062626843511923e-15 -3.324731577581356016e-15 -5.629760016874499559e-16 -7.722418460109344844e-15 2.213238458713177283e-15 5.268378263797461171e-16 -9.646370905432533651e-15 -4.158289164491778060e-15
-9.371776252259286199e-18 2.504432601303962303e-16 2.417013181806703305e-16 1.539863851346404163e-15 -8.307369919034592565e-16 9.820241964768503288e-16 8.860229507627271427e-18 -1.193509863162417119e-16 -8.704886045714190935e-16 -5.172278166797474832e-16 8.536389299200576231e-16 2.952029482224000508e-15 -1.605608857359394301e-15 -5.191019311854441018e-16 5.311306209600412576e-16 -2.543342374790778896e-16 -6.284455301350511896e-17 -1.313868302077533923e-15 3.243864274645246133e-16 -2.191911660730869029e-16 -7.454462972854389946e-16 7.102973649968428860e-16 -9.339476148365945197e-16 2.406515740372050649e-16 -7.593764044775713258e-16 2.394883896301069342e-16 -3.979435290012078439e-17 4.636522093032780578e-17 2.772670863656464655e-16 2.067906722731630278e-16 5.745138134376236736e-17 -3.551786579145064130e-17 1.154815395490747153e-15 6.605863024442639467e-16 9.288600146026512233e-16 1.530404874918180026e-15 -2.946358579215688728e-15 -3.629818254674257739e-16 -7.800916801154995057e-16 -1.569548134016850370e-16 1.583126087360432426e-15 7.981347420043526272e-17 -5.907970251197848789e-16 -5.133715706068018772e-17 4.607436402517428736e-16 -2.205347170245993206e-15 1.076120427201069781e-15 -2.437710483012066018e-16 -5.006600182144477853e-16 -5.823028615220263505e-16 -2.902748740221812613e-16 2.143831153843877366e-16 1.308318532628758267e-15 1.650351498647608800e-17 1.184561335695202428e-15 -9.334072536477186783e-17 1.100593793404724864e-18 -7.279039411838900643e-17 1.530253641743219111e-16 -2.338415488786788544e-17 9.289457794069165318e-17 -1.397737617477297070e-16 -1.862390329705295929e-16 -9.115764451176029527e-17 -1.078694935879597227e-17 -1.340093883461292676e-16 2.396276225404827589e-17 5.818209580945697456e-17 2.225581628003871549e-17 1.136639086096059004e-16 -1.731999610125363539e-14 1.448875653701315024e-17 -5.944055122489988059e-16 -2.915700940262006991e-15 2.152665120852247479e-15 1.588658230394843161e-16 -4.883348028522725546e-16 -1.063204097642549978e-15 1.722289038176838913e-15 2.849573779564708165e-17 -3.013174356986706368e-15 9.384717115353717444e-16 -9.251986441417814319e-16 -6.845566870267746980e-16 1.299434116438226495e-15 -1.099534933160594331e-15 1.288627663538531461e-15 -1.149619886528091567e-15 2.913629812977620577e-15 -5.256994941515467425e-15 -3.138034722182873746e-15 -1.680713729015885143e-15 -3.370366840185793856e-15 -2.694742449877368057e-15 9.758875446108352095e-16 -1.578251988893559663e-15 2.814144771689017402e-15 -8.270089007478594682e-16
-1.134584957879552224e-15 -1.218214591379681919e-14 -2.042788599251506748e-15 -3.835736447267548460e-15 2.368321695611414026e-15 -6.388522512707128313e-16 -1.724594049703228699e-15 4.768598522921240769e-15 1.570315619637958643e-15 -6.851804645602122325e-15 -4.024133099971075240e-15 -1.605608857359394301e-15 1.357820650530398049e-13 -3.141391280866541418e-14 -4.734814899850337332e-15 -1.314903151560849804e-15 2.591250557153466370e-15 4.790059465045165123e-16 -1.082125819709860763e-15 -2.439690836280602140e-16 2.267947952449602119e-15 -7.063169079731434788e-15 -1.225185200265908812e-15 -5.081513148696258887e-16 1.274208301671361337e-15 -2.152556292833833602e-15 7.823227137441434613e-16 6.917580769026183896e-16 -1.438508005501128173e-15 1.468669144844038271e-15 1.189973291846291958e-15 2.776534870982583831e-16 -2.334938940326592188e-15 3.874922090617081592e-15 -8.224927804184627570e-15 -5.406738581650347729e-15 1.592404272021990386e-14 1.134890475490023139e-15 1.100204439385077993e-15 1.684345383065876836e-15 3.727398261991851008e-15 -3.987786324509350537e-15 3.465263974647937592e-15 6.464757568747755493e-16 -1.958960281100802376e-16 1.003073174411788871e-14 6.798787528689189901e-15 -3.303263760694627202e-16 4.341457888070736262e-15 -5.557572542903896030e-15 -2.277033175971973039e-16 -1.272297146953937768e-15 -6.231575162744938811e-15 -4.029248071018363321e-16 -6.189571876945699166e-15 -9.569258496836984387e-17 -4.229598563535665285e-17 1.192247834669725822e-15 -4.490653073524507413e-16 6.133297830474300140e-16 -3.177542405062912366e-16 7.835146110409096002e-16 5.080706822609912836e-16 3.197150876029730151e-16 7.256622403873314273e-16 3.212086235375329847e-16 -1.030629826666365102e-16 -5.909651827192916428e-17 -3.857624144095749625e-17 2.806049266529247732e-16 2.667787917210505135e-14 -1.284340017181053702e-16 8.208485691131251958e-15 8.738653829923496480e-15 -1.309915376153901397e-14 5.418586117387802549e-15 -1.419665318739686735e-15 2.544322991850306296e-14 -1.276942167498866212e-14 4.204304803554760303e-15 1.835596185937576002e-14 -6.250939744421934375e-15 5.236059837275243823e-15 3.796623827913812226e-15 -6.975016173884244786e-15 9.527472610974568330e-16 -1.845343965854788576e-15 1.086645030737100472e-14 -1.341764033247121248e-14 3.131306808531687613e-14 2.554265960640659349e-14 -1.331560031315250157e-14 -1.153384836140514957e-14 1.882590987457211148e-14 -4.037959266925688335e-15 -1.429404361172338102e-14 -2.358932124538932994e-14 7.220474771085528902e-15
2.435700499841611744e-16 -1.207061814195258342e-15 -1.225273209641839896e-16 -2.015289321437469618e-15 1.535933595063649278e-15 1.073558330261057286e-15 3.072344134426807542e-15 -2.295982404179014951e-15 -1.071192475448347425e-15 1.265069275056651649e-15 3.547239801469518559e-15 -5.191019311854441018e-16 -3.141391280866541418e-14 2.981167086914778268e-14 -9.567647051699122881e-16 -5.794961095177000664e-16 -1.093821979572560384e-15 9.686415883352390320e-16 2.553834271741329932e-16 -2.594997342570686915e-15 -1.854725483958386572e-15 3.042842798817909138e-15 -3.740819284812494412e-16 2.137323544427451994e-16 -3.715439867287468059e-16 3.675097053441237514e-15 -1.035357114644750151e-15 5.674913022972239351e-16 1.670713087664007951e-16 -3.694778313049811760e-16 -8.545567186896303733e-16 6.430858954463579739e-17 -6.003537194312715427e-15 6.242928647498326535e-15 3.398874643453192760e-15 -2.645756051608744302e-16 2.466086169313452879e-15 -5.192267441790469661e-17 1.652382042490752941e-16 -7.013563862666494827e-16 1.924974999947486009e-15 4.416896821876819730e-16 -3.106292800067641492e-16 2.244386901579532677e-16 -3.886092333478316184e-16 -2.040982517660038406e-15 1.211569141831629140e-19 3.871212107613262343e-15 -3.760215550681516070e-15 -1.181427402385376957e-15 3.619669588333591272e-15 6.728928014104867135e-16 2.064428102068698433e-15 -4.440815653797641840e-17 -4.161538330008249294e-16 4.341642112061576939e-16 1.318003487272951319e-16 -5.955243172237046955e-16 -6.349547995703109759e-18 -1.484822334920176259e-16 5.677398877008381215e-16 -1.384250146595459727e-16 -2.571160519086476253e-16 -7.867652617220067661e-17 2.782612129583641659e-16 -5.997107010304489004e-17 -2.592294169568183780e-17 2.118266359942396619e-17 -2.906317716246162863e-18 3.250446526794344522e-16 1.977445793788373492e-14 1.485707959418184240e-17 -2.170157062161269716e-15 -1.429385269286184265e-14 1.039074954003986702e-14 -1.812248699879396727e-16 1.810415820905467706e-14 -8.830384237788937023e-15 1.631193244412112843e-15 -1.955402767392153324e-15 -5.920074146149719821e-16 6.245770666674908487e-16 -9.905535971586817636e-17 -1.272616216504490916e-15 -3.268226642306517734e-15 -1.709789041365261548e-15 -4.870966807250994210e-15 -6.416238491472481241e-15 6.765279809871203657e-15 -1.433298111453600566e-14 -1.073353498588355793e-14 1.060034063899272607e-14 1.190408532447044141e-14 -1.766387338548155836e-14 1.657516773629138375e-15 6.352784140549992938e-15 -1.358044093019573698e-14 -2.135386849164082703e-15
-4.160856505930184122e-16 5.175076190221596912e-15 5.616301293509299737e-16 8.052732883570287107e-17 -7.140543496680222280e-16 9.010149173822902420e-16 4.056278416822719036e-16 -1.912730540517229001e-15 5.140206432608415777e-17 2.699159068524818701e-15 -1.499726937500414324e-15 5.311306209600412576e-16 -4.734814899850337332e-15 -9.567647051699122881e-16 1.226266594487446075e-14 -4.046001450784784475e-15 1.464296105609921502e-17 -4.824868232546000421e-16 4.213665493831884370e-16 4.938209987819367805e-15 1.626586902385755769e-16 -9.534123346309618151e-16 1.352631349137969687e-15 -6.540048515636407336e-16 3.956332402669595430e-16 -1.489291043690694420e-15 9.416328865962002383e-16 8.158403518021356011e-17 -1.589452036563362423e-15 6.316634226628992524e-16 -7.229510787056019679e-16 6.622373240818832209e-18 5.614836508725858075e-16 -7.173400196624670210e-15 1.920715559400718828e-16 -8.331298878900247744e-16 -3.565779291646812873e-15 1.368319967746173830e-15 1.012390203809658623e-15 -1.646038114570711130e-16 -4.844757678495683948e-15 -1.275988485674391005e-15 -2.641423027077374655e-16 7.086396590083850548e-16 -5.970861530985448669e-16 4.096336035472810630e-15 -3.972384661572490895e-15 -3.345556525643610816e-15 1.565282718527991043e-15 2.812066229358134101e-15 -1.497007765949789566e-15 7.994276807486378533e-16 -1.648694650381487538e-15 -9.782308039959091451e-17 -2.123523019735031966e-15 -2.586474654375960685e-16 -1.375596447623350470e-17 -1.921029795597715240e-16 -2.898960186953986612e-16 -2.419253594473696715e-16 -5.711588230916373081e-17 -6.816240397491250820e-17 -1.857779571901526251e-16 1.842572598977688387e-16 -4.639456367109774492e-16 1.608516389891172411e-16 -2.896775788904341624e-17 -5.421551628108286639e-17 -4.110346959152471957e-17 -1.012624531831580378e-16 -1.747542073571702738e-14 1.251843988860964938e-17 3.836372127636798409e-15 9.417412892139483460e-15 -7.729719604730783641e-15 2.136896975600438151e-15 -4.622958131916790819e-15 -5.648947664365613881e-15 -1.756586882941694050e-15 7.582588032177037907e-17 -6.542462065755725827e-16 -3.471688148127433984e-16 4.320475000038277564e-15 1.819676892819643466e-15 5.982145123943444944e-16 2.916077509229225605e-15 6.412904133644054385e-15 -2.493279527662938278e-16 -3.053510424373501770e-15 1.073217913688954605e-14 -6.684947684067461800e-15 -9.387490404182500039e-15 -3.338011821880111570e-15 1.054383831227343725e-14 -3.027275921164022348e-15 3.304798676657105890e-15 -8.375923196375173145e-15 2.934535136564025846e-15
