1.222836669508160189e-15 -1.820012027895704311e-16 -2.166788382100133849e-16 5.273851689529955640e-16 7.082893115911426394e-18 -2.936740780856958463e-16 1.576134208461849983e-16 3.315578295093097361e-16 -1.190794779953178981e-16 -4.835366401231609854e-16 -4.715695977064541309e-16 -2.866753249747104602e-16 2.811604744619956502e-15 -1.045919496910764942e-16 8.161777565559267586e-16 -2.261017394050543662e-16 7.423923477788469384e-16 2.470886299932204681e-16 -1.179983561068994925e-16 -5.484277528370242851e-16 9.834935926297700859e-17 -1.836263669242265735e-16 9.510769265875920638e-16 9.925489823215672430e-17 -1.300900526443326538e-16 5.133155834365788898e-16 -6.870485823860697997e-16 -4.010167299230193077e-16 -1.857579745452267465e-16 2.252548619810547304e-16 4.442341691947611083e-17 6.549146605706733930e-17 -2.146626972492157627e-15 -1.178490381942870808e-15 1.062762587425412032e-16 -4.017422239948506810e-16 -2.284382335921854600e-16 -5.984072034365693963e-16 -3.383598971634374828e-16 -1.191342910580235907e-16 9.046570640412327811e-16 -3.831553360373116610e-16 -5.263298851727266160e-17 -5.440101505766189744e-16 -2.146332591977450290e-16 5.256829376057190544e-16 -1.196320253038593043e-15 3.995760411465126406e-16 4.206483872143289979e-16 4.635295225220983089e-16 7.030781384574387235e-16 -1.145290640491284036e-15 1.216457362023635181e-16 -4.791339730839556234e-17 3.503507663080889792e-16 -2.210334739493910021e-17 -3.815136867423622834e-17 6.104413049796022284e-17 -7.469871268328487559e-17 -2.798055966363183459e-17 -7.489914591299634113e-17 -4.138515428229491806e-17 -6.801361964412031333e-17 7.267934881690938100e-17 -5.586289637634285886e-17 4.042048264684503852e-17 -1.213333005901674812e-17 1.165206136163106020e-17 -2.371722671785399907e-17 -2.065865161381652173e-16 -3.451010398082650505e-14 4.240885576631442675e-17 1.470342767311649440e-15 -1.141009084605367346e-15 -9.866310413492221657e-16 1.267643171423794386e-15 -3.671105771254379343e-15 7.501769687773498150e-15 9.821664650915914728e-16 8.302709403273762977e-16 -1.192874726852775453e-15 -7.855827358186511901e-16 1.308426933080263356e-16 3.889093580950226422e-17 1.354706410147292887e-15 9.911342157272297912e-16 -2.758420724688996352e-16 2.680099399256964039e-15 2.217257923125329242e-16 -1.895793469963425009e-15 -2.959818907355491965e-15 1.005407790091761588e-15 -3.784728404659942832e-16 5.123582607872657543e-16 -2.408419826276150865e-16 2.219526520324922964e-15 6.615706132651180735e-16 3.804296257764706313e-16
-1.820012027895704311e-16 6.223328642829814957e-14 -1.374116166191961365e-15 1.605267196239365823e-15 7.083612738421605531e-16 -2.300048910268373015e-15 -1.557128719454480157e-15 -2.585110829268632226e-15 1.489435782088609995e-15 6.318750217590366320e-15 -4.148979003048038636e-15 1.520733956881103949e-15 1.135967682385400185e-14 -1.094057940235548590e-15 -1.756329415957234974e-15 2.815285923909616915e-16 -3.317776719737462697e-16 3.860865898903994261e-17 -5.786083574864320102e-17 -1.747542383116396888e-16 1.686982713316894563e-16 -2.226349386381177599e-15 -1.954464916255675769e-15 -1.448996140639004729e-15 8.081318179521943459e-16 -8.375682485599505297e-16 -9.691797406544117424e-16 5.102309129837623270e-15 4.826486142573812497e-15 2.875054944836282120e-15 -3.556081375447045642e-15 1.456892762556131289e-16 2.289405638183368762e-15 2.666561115005937344e-16 8.266090117512992056e-17 1.710376714611915536e-15 -3.566944838868978813e-15 2.191181365810658799e-16 1.117061719155208450e-16 8.096126868079145437e-16 1.849267849769248486e-15 2.735187235996751967e-16 -5.361706377036061603e-16 2.986984178204204505e-16 -1.702838049270707049e-16 -2.337529947480982093e-15 4.869223369329331809e-15 -2.999153393991664435e-14 3.046561121181746712e-16 -1.905647522528603076e-14 -9.619545512543948928e-16 -2.100419571805384700e-15 -8.682086132545236778e-16 -7.354847604894895995e-17 -1.062309683389484529e-14 -2.037807091112987883e-16 2.539285749763011656e-16 5.534712986831932054e-16 -2.212722911894345886e-16 4.199274578503865400e-16 -1.761297858419049761e-16 2.801976119360656570e-16 -9.828458653513098031e-17 -3.136878024705090528e-16 -9.117661555905491622e-17 1.667084859318698530e-16 -5.584746260242249385e-17 -3.227715985149894739e-17 -8.980574839818892893e-17 -3.316216020566128496e-16 3.701487288881468578e-14 1.775816453563699777e-16 8.924094622522058701e-15 8.969979385561803050e-15 -5.208704985128187040e-15 -2.291501866589179148e-15 -5.243996697734294428e-14 -7.281486194206345790e-14 5.178490523701884579e-15 -3.632452234627963416e-15 -6.565127782014037477e-15 2.726490609984130627e-15 1.260204675367649012e-15 1.504445843360430292e-15 1.236840254908818675e-15 3.791435198057396406e-16 1.313976359989701075e-14 -1.095114220996722391e-14 -1.149051221146850502e-15 5.530521906729389230e-15 -1.704096727155801941e-14 -1.963489260308929622e-14 -6.646246900981372981e-15 1.026146536744719081e-14 -5.544554301132078757e-17 1.046891111776298034e-14 3.232221128842313573e-14 -1.160224390357140273e-14
-2.166788382100133849e-16 -1.374116166191961365e-15 5.596971568463984894e-15 -2.219431300573021480e-15 5.773513957141033176e-17 8.792516286651569660e-16 -1.703917087562118673e-15 -5.360376431839372375e-16 2.777426434768430647e-17 -8.018089540986971270e-16 1.519482202178235459e-15 -5.253902358695549672e-16 -7.374437726954912096e-15 -2.024880574677457036e-15 -1.421671856240545844e-15 9.868440800177234691e-16 5.816614610663613679e-16 4.924244096460397066e-16 3.598159225707537648e-16 -2.673163640449212573e-16 1.520057557645264731e-16 -5.699565985297031151e-16 6.906158085529536233e-16 -7.100632597271092975e-16 1.427737313418637405e-17 -1.033803948877942229e-15 1.179590045219323542e-15 -6.294225040043165511e-16 5.226389844225045469e-16 3.186771178673893458e-16 -3.106081891432783712e-17 -1.347291982337118550e-16 -4.917841076495053191e-15 -1.782523763381955697e-15 5.523812847108506082e-16 6.997441001867490717e-16 -5.935473320722895155e-16 5.906895203571385102e-17 3.746019465855152709e-16 -2.575458277449266441e-16 2.752609719878406582e-15 4.357005901183680385e-16 1.867961604217599402e-17 -3.094223881026722987e-18 2.434387032462652311e-16 -9.749596541746460276e-16 -1.511576437733123239e-15 1.404432984797715041e-15 -1.163653988227814862e-15 -7.585255772459148337e-16 -1.529808655136437979e-15 2.920993150932348773e-15 2.147235662330087892e-16 9.721629973492842172e-18 -1.184202260521977311e-16 -1.201635429941595225e-16 5.014631679801138140e-17 -1.120083335484396622e-17 1.335669287935475180e-16 9.240636885727716473e-17 4.151679032205947757e-17 1.354558621125867497e-17 -9.834036820715490264e-18 -1.238787961808572027e-16 1.222966300464809178e-16 -9.291377414805470248e-17 -1.073027408771785308e-17 -3.192618217822651382e-17 2.483577963883393719e-17 -1.508682071049181469e-16 -9.748016849382867762e-15 -4.355726785921882468e-17 3.020700142638456854e-15 4.474241956696926926e-15 -3.846997317217890407e-15 3.088603211029034440e-17 -8.308330487806710071e-15 -8.912676803152532021e-15 -1.544991291215950249e-15 1.241077223313694444e-17 5.514832761354432380e-15 1.527020041747131765e-16 -5.472481724767733728e-16 -1.147348027618865322e-15 2.744286613128401161e-16 -1.291991138355833726e-15 -2.974740212422043047e-15 -2.205714038693787314e-15 -2.465756017318030308e-17 3.736646044181726029e-15 1.971809449346319963e-15 -2.935070655655669201e-16 2.970482911970994975e-15 -3.318204646319910344e-15 1.930928822599718839e-16 1.392675227249879278e-15 1.383565045658666968e-14 -1.384357954627453387e-15
5.273851689529955640e-16 1.605267196239365823e-15 -2.219431300573021480e-15 8.708105080073300316e-14 -8.489008560347629431e-15 8.827612699210009436e-16 2.466111915862084173e-17 -1.562408472719480391e-15 1.742094056069915019e-15 1.477291042305419766e-15 -2.959536485452157132e-15 -5.696163827371201843e-16 1.034434883545265033e-14 3.214758747716240212e-15 -2.800966351867210788e-17 -2.986982740613242939e-17 -1.047372412395657819e-15 -3.091761470418065913e-16 6.908087597428477178e-16 1.151464020785203396e-15 -1.136759038593236508e-15 1.973930324138661760e-15 1.719865401764113539e-16 1.417989672494686482e-15 -8.395299642089479970e-16 1.170116550358329969e-14 -3.731417693138790589e-15 -2.788550484510563709e-15 1.063884239708855766e-15 -3.064616246690638941e-15 -4.128681919949125884e-15 -8.845915623808552882e-17 1.104469079520145443e-14 7.452575976518562012e-15 -5.380756838828727007e-15 2.507575116856529419e-15 -7.486437584363651018e-15 -1.901126782697175268e-16 -2.169270533418187043e-17 3.462184847905475294e-16 1.332537782211563738e-14 -4.155657743394527321e-16 -2.078059276938071372e-16 -4.129482023939987393e-17 -1.524580407157272863e-16 -4.145829151291662619e-15 1.125131891631256453e-14 8.506670066693490132e-16 -6.488984504032416306e-15 -1.530575318837888146e-15 -3.467604997543506142e-15 7.441836929602417268e-15 -3.411291666896599855e-15 -4.545342348330077496e-16 -1.959961752232862511e-14 4.956653785201510474e-16 -1.803201876926178241e-16 -6.923051513812905028e-17 -3.503207075793744069e-16 4.996057961490823206e-16 3.972537491634668118e-16 2.754641970639113209e-17 -4.908218689639861280e-16 8.166424074921227838e-16 -4.250565136629990305e-16 2.662802367728535240e-16 7.804734741377600223e-17 1.144930511953740594e-17 -5.213047564421710908e-18 -1.412778134204453196e-16 7.370550051044511929e-14 -3.087441110545043800e-17 -1.285431679802118578e-14 -7.608359476207603791e-15 8.040072010732567142e-15 1.103474287472121635e-15 1.733291831586317746e-14 1.216274939751895119e-14 -7.507705539335052465e-15 6.955241895534340697e-16 -4.471103903327127074e-14 6.219175234920532802e-15 -2.028061437348208057e-14 1.972022591136377772e-15 -2.847006590005570060e-15 -4.432511600360188786e-15 -4.104850044790572147e-16 -1.931152581521287492e-14 1.817989657587992944e-15 1.578960605864524788e-14 3.938677752797034399e-14 4.882741021221067492e-15 -2.108413432231780322e-14 2.123095151034515398e-14 -3.295301804136696848e-15 -1.196066963546198418e-14 -2.243424854610657612e-14 2.182140879108342072e-15
7.082893115911426394e-18 7.083612738421605531e-16 5.773513957141033176e-17 -8.489008560347629431e-15 2.965503976298743757e-15 -6.874620425665738979e-18 3.339990166346980129e-16 -4.276979631244233919e-16 -1.159395963705334994e-16 -4.180039198237141138e-16 1.498991621763148725e-15 -2.248804783958647896e-16 -1.874122892463067942e-15 4.070109280632196917e-17 -8.440715279189970094e-16 -6.460828734807134690e-16 -3.494195922096770893e-16 -1.245647386035936839e-16 2.371847869766505617e-16 -1.145211028440285456e-15 4.466512820679213319e-17 1.449970807558951698e-17 -5.089406451600045834e-16 -3.617407356528340230e-16 -1.490794375481299336e-16 -2.669223277572278804e-15 7.850733080829898544e-16 7.321673222752739519e-16 -8.827860790951909473e-16 9.756681317420003952e-16 7.200405020332879677e-17 8.614780177499415529e-18 2.213609512125859622e-15 1.074338482199962175e-15 2.551539188719608730e-15 7.963082890672461606e-16 -2.910951181207854892e-16 2.451520358485473324e-17 2.255304191056014426e-17 -2.557154487381262362e-16 -2.216196059807359693e-15 8.186831536052182844e-17 5.987024544634380352e-17 3.822932342620105208e-17 -1.029234327917096840e-16 -2.002189432761175924e-16 -7.760273249825152909e-16 3.973127394495249135e-16 -2.480220082594365596e-16 -2.161332912038334761e-15 -2.724281274797970880e-16 2.236976008475098522e-17 2.066029858863043811e-16 6.051440851913091877e-18 -1.810263719163185498e-15 -7.871607212180093533e-18 -6.351364062435051440e-17 2.108839038320987259e-16 -1.390751890932124379e-16 1.635370365671605971e-17 -1.768847456449280171e-16 1.018695455823560527e-16 5.118374683969277129e-17 -7.923302299181195973e-17 8.591699344875534197e-17 -3.589663617809187427e-17 -3.447831521895355476e-17 -1.599800968562344985e-17 1.218753026716047368e-17 -2.039358004528020758e-16 -6.998907441707556912e-15 4.250926073225570742e-17 2.471081315180622102e-16 8.411631685276236526e-17 -1.034815956697466098e-16 3.856652004717370363e-16 -1.136442216812294510e-15 -4.430881281890603465e-15 1.436838158116467808e-15 -5.178441385873271130e-16 5.353269590185858379e-15 -1.681643672686987425e-15 3.027030983652848451e-15 -5.756579491271554290e-16 1.264668569447977975e-15 -7.441032171035871541e-16 3.958983036061233634e-17 -3.729768596536281484e-15 4.473428880625618174e-16 -1.563315126780890787e-15 -4.474955057349725299e-15 -1.431422471246161644e-15 6.315880076801157567e-15 -7.918483596734495474e-15 1.108769484810054682e-15 1.143180453692428031e-15 4.798290883861929260e-15 1.725190343986277570e-16
-2.936740780856958463e-16 -2.300048910268373015e-15 8.792516286651569660e-16 8.827612699210009436e-16 -6.874620425665738979e-18 2.485635915135643846e-14 -7.499951399587595021e-15 1.912420258623894446e-15 -1.107215720618188536e-15 -3.777514974640668942e-16 1.541074996307410241e-15 -1.068310843703724724e-16 5.452238232438370582e-15 1.168274925489763800e-16 1.814083380066802979e-15 -1.443212158078844678e-15 -8.730711256243324754e-17 6.500116306523488093e-16 1.078919240088704378e-15 -2.729028195678387269e-15 -7.366379782468015478e-16 -2.005461832059159398e-15 -5.279690504402795925e-16 1.340048151126234814e-16 -2.961819026500173976e-16 4.702597849171927901e-15 -4.319830976983072119e-16 -1.129308121896332423e-15 -5.385130045171541743e-15 1.102344206821936594e-16 1.914433383044551878e-15 -2.836104280985593146e-16 6.028445827661986605e-16 9.833262150087622303e-15 -8.930410518374181933e-16 -1.436897768620851041e-16 2.542001826962703638e-15 1.362459130419541635e-16 -3.482683784625241304e-16 -3.709891472481897764e-16 1.050619842861721567e-14 -4.659188340756649532e-15 1.489388881745530801e-15 3.888299064919852191e-16 3.662590152659714449e-16 -1.610108210458301339e-15 3.508842558554979553e-15 -8.096769948710046988e-17 1.310770972510416534e-15 -4.521463702360828012e-15 1.453085911338411051e-15 -5.948702494791037996e-16 9.469665783917685083e-16 -8.390243766648778505e-17 -3.688197303465498251e-15 2.099897605177469694e-16 7.323667588197149153e-17 -3.637123964983592580e-16 3.921385341826120262e-16 2.442623426887412543e-16 9.785154566606263364e-17 -3.376993478574976259e-16 -1.272740108329393563e-17 -2.007432871920276265e-16 5.726903528959531306e-16 -1.430463773295131450e-16 2.491509511968456076e-17 4.488629563720593592e-17 2.427161353041285732e-17 2.910805420216353285e-17 6.934612924109475784e-15 -1.531924026025956605e-17 -7.568541473378350714e-15 -5.075259627125220887e-15 5.107959796612477754e-15 1.735884331604660944e-15 -1.728831743052831566e-14 6.980685912797060351e-15 -2.684265650957102578e-15 -6.187746967696069377e-16 5.575805905288349294e-15 5.763651849549362370e-16 -3.164204828639491770e-15 4.105336048232140316e-16 -2.451366143969182476e-16 -5.930889940143932830e-15 -3.842036782840293094e-15 -1.329801824020266094e-14 -1.359301310473969898e-15 -3.954063832115514621e-15 -3.410172194822221865e-15 1.202408146661078461e-14 1.315703610439775954e-15 -4.743749534087599440e-15 7.870269964464871469e-16 2.703275734587925488e-15 -1.576554637327203788e-14 4.686121337527535846e-15
1.576134208461849983e-16 -1.557128719454480157e-15 -1.703917087562118673e-15 2.466111915862084173e-17 3.339990166346980129e-16 -7.499951399587595021e-15 1.011909370502255535e-14 -1.370145789386738504e-15 -5.009810437013974089e-16 7.834263991455699124e-16 1.531664543261279463e-15 7.719974534508270276e-18 5.126561878994702168e-16 8.529305929649795939e-16 9.941664900191576662e-16 -4.752742040851283886e-16 -3.187494365001101699e-15 -4.500275798891907595e-16 -1.160156313918851461e-16 -7.829103412384998113e-17 4.233857507996644430e-16 7.932387940221657567e-16 3.648185102370307636e-16 3.553092669962108772e-16 3.988515872824045746e-16 -2.265310505474156317e-15 -3.465206580340917438e-17 6.875889229451277755e-16 -1.275155469506923107e-15 1.899660372730414457e-16 -8.758202798625605602e-16 -1.171141369160725001e-16 3.587889715803999207e-15 -9.900045551870210552e-16 -2.289704284849588869e-17 -3.263025086794811983e-16 -6.126760232385090520e-16 -3.382734944432762410e-16 7.652637106100673384e-17 -1.271906266027293794e-16 -5.705644318398059538e-15 6.035152227090915919e-16 -1.398719382259550749e-15 -2.196541793149945966e-16 -9.534776213823499043e-17 1.098244593671389256e-15 8.533714336472570190e-16 -1.123774474670128247e-15 2.965082111658174350e-16 -5.684631572756924257e-16 -7.155126872481071471e-17 -1.134168026605045791e-15 -1.770434597317079739e-15 1.100175343678110107e-16 2.057419702592547057e-15 -8.440994700379196775e-17 -2.980009277654108625e-16 1.134443087389287451e-16 -3.846274986092184106e-16 -5.906514690147460586e-17 2.460790678967250196e-16 1.823419481089084850e-16 -9.580672442505055800e-17 -6.177056347563724678e-17 -5.555290095925077436e-17 1.219862211918235555e-16 -6.561708915412576509e-18 1.646792678200370218e-17 -1.692619489096310127e-18 2.155324910464351091e-17 1.166983343470224122e-14 -5.639256737728555830e-17 2.289683786561034910e-15 -9.960721456432668042e-16 -1.984507768457528028e-15 3.662796286002217169e-16 2.095409462345644338e-15 1.001702108485612619e-14 5.759878619210641600e-16 4.901360460861072787e-16 -3.990354444634198724e-15 -9.975413768431105768e-16 3.326148826271973953e-15 3.246812189128118779e-16 -1.824403340348152730e-15 1.537685655144665788e-15 6.375861969580979837e-15 2.252786673874440911e-15 7.669708392901453519e-16 1.990373750811167675e-15 -8.344220291970085130e-15 -6.623945614781120174e-16 1.095312544606433230e-16 -8.053411543138045849e-16 2.838794721236257712e-16 -1.911558913152343835e-15 4.091999723922990572e-15 -1.785731820016767629e-15
3.315578295093097361e-16 -2.585110829268632226e-15 -5.360376431839372375e-16 -1.562408472719480391e-15 -4.276979631244233919e-16 1.912420258623894446e-15 -1.370145789386738504e-15 9.748973917430348329e-15 -8.220750100393486285e-16 -4.506127334624460601e-15 -1.876709020733003892e-15 1.147390562320999957e-16 -3.217853349655319558e-16 -1.789903916267308831e-15 -1.478786975859206262e-15 7.962946889171419867e-16 3.492543351510876042e-15 1.118089742469995947e-17 -2.257413532929031754e-16 8.214523674556676286e-16 -9.004898237671101437e-17 -6.750468911103160658e-16 -3.507301677764038460e-17 1.710936396170586613e-16 -3.256038396139147140e-16 2.585794719850055385e-15 -1.054472883066750045e-15 -1.859515151001848840e-16 -2.398160582001912629e-15 -7.534048818294969093e-16 1.675099984834015527e-15 1.333231317555575282e-16 -7.240817241190074469e-15 7.403834437449038440e-16 -2.409364151982909118e-18 1.829756789530968561e-16 -1.743370710461412274e-15 -3.780492819562020687e-16 -5.199883810620356498e-17 -6.784661292641532494e-17 3.535811246761976577e-17 -1.812133090385280415e-15 4.499038939491348827e-16 -4.259918636963120551e-16 -2.972005479174938760e-17 5.470147081705219368e-16 -1.805501972358338619e-15 1.108858999456331480e-15 2.884188752083439102e-15 4.713442085226790358e-15 3.218337220257671019e-15 -1.627044862305772801e-15 1.575370104254865831e-15 1.330580939616552855e-16 3.513788868028059206e-15 1.229853099591869588e-16 2.126468752097825544e-16 -2.513501930450550577e-16 4.091136985143174314e-16 1.462372245103088418e-16 -2.858071366137574469e-16 -8.056521353020703923e-18 2.174980280753886552e-16 3.909300827530228918e-17 2.378757536413753396e-16 -3.230384660945532447e-17 1.308448591712105060e-17 1.888329206785240970e-17 6.939961280863510475e-18 8.419139662651888595e-17 -3.139936746562864969e-14 -4.950030116338490740e-17 2.259142471989164653e-15 -7.330260978806712925e-15 3.550699583997976224e-15 -1.318471478186317897e-15 -2.712037998183549308e-15 6.262334721949951425e-15 7.659107042477039086e-16 -4.226045204887601260e-17 -2.827759344085084784e-15 5.105606689012742823e-17 -5.021120203198013704e-16 -7.549329086908965602e-17 1.407114362064221507e-15 9.840512686878411669e-16 -8.161486763725596596e-15 5.087160351861623729e-15 2.351835307120133365e-18 -1.084996943355775477e-14 4.301518263449832360e-15 2.747827783479634222e-15 2.125304126033297039e-15 -1.248484460419016990e-15 1.151101203321069987e-15 3.691828248655191145e-15 -2.866310300039083732e-14 2.077932480584748837e-15
-1.190794779953178981e-16 1.489435782088609995e-15 2.777426434768430647e-17 1.742094056069915019e-15 -1.159395963705334994e-16 -1.107215720618188536e-15 -5.009810437013974089e-16 -8.220750100393486285e-16 1.734385784412396382e-15 8.643479521301731401e-16 -1.099841783131376870e-15 -7.715193631864779794e-16 -1.268117574137136081e-15 -1.291310801757578574e-16 -4.702239676069497702e-16 2.900805007541479004e-16 3.762396057551412412e-16 2.496377054226359956e-16 3.826487630223666363e-17 4.187114348607182175e-16 -3.473751472390636194e-16 -1.725563415765992918e-16 2.824793109424883696e-17 -1.912799812817539958e-16 -1.963315720515414157e-16 4.694003191369724994e-16 1.518901699088193722e-16 -6.150158777160311963e-17 1.292273057340881465e-15 -8.373139530761300867e-17 -6.432583157302995515e-16 5.006317381225296643e-17 9.513071139683760231e-16 6.838398747642757473e-16 -4.160035516639980061e-16 2.067911560312488390e-16 4.091611477800685643e-16 1.197353472515855734e-17 4.119076005363752095e-17 1.531637623309161659e-16 5.308521887190512494e-16 1.700566720280008831e-16 -2.712251429823781967e-16 -1.954410949808757145e-17 -6.560934123685344795e-18 1.332475901369826451e-15 -1.037430767165479823e-15 -5.768113266629294942e-16 -7.116700843780794862e-16 -7.877655352727395809e-16 -2.895200274469792425e-16 9.480970333025639175e-16 -2.862706668325009013e-16 -9.825033220163896257e-18 -3.938959878417317177e-16 2.409441510189447976e-17 5.782538255162394565e-17 8.304438074299172722e-17 -4.812908654250032073e-17 1.431295324029326313e-17 8.562742634377943855e-18 -2.877686080244732798e-17 6.339109048303626507e-17 5.975911691733126966e-17 -2.851844878073590023e-18 -3.102559946349782380e-17 -1.809857731138041892e-17 -2.037701854747412354e-17 1.155556957144400470e-18 2.100722627954833221e-18 8.958835117459891884e-15 1.061178186109457879e-17 -1.118821278248374070e-16 1.882234636926256900e-15 -6.077412902468800899e-16 -5.403368715827843171e-16 5.809948579170613318e-17 -4.048218182065572790e-15 -6.238525356969502355e-16 -2.281013003059594176e-16 3.697086312086497812e-16 1.814986085245689890e-16 -1.115953453583911735e-15 2.488212735890227123e-16 -9.344858652727495260e-16 1.692461142980932586e-16 1.084189922584986807e-16 -1.119084755170585022e-15 1.261752511048357917e-16 1.987709637585881487e-15 3.144773166562785362e-15 -1.755570154146362590e-15 -1.900130929304434325e-15 3.718425196544599942e-15 -5.070078534189099710e-16 6.322911664403023913e-16 2.926754473001428847e-15 -1.545699284093717920e-15
-4.835366401231609854e-16 6.318750217590366320e-15 -8.018089540986971270e-16 1.477291042305419766e-15 -4.180039198237141138e-16 -3.777514974640668942e-16 7.834263991455699124e-16 -4.506127334624460601e-15 8.643479521301731401e-16 2.225842099971098179e-14 -9.282641628636331065e-15 -5.139607277373565521e-16 -1.721083950982482310e-16 1.160075214469406221e-15 -9.341907926236653416e-16 5.285313144592559570e-16 -9.159048443864304451e-15 4.837004171620968296e-16 2.366243927586020008e-16 1.886511669081732830e-15 8.190431317041179821e-17 1.177413598401339286e-16 -2.089371384890385475e-16 -7.046188625085282835e-17 9.234133038118164693e-16 -2.384940919084729153e-15 6.006654937595095004e-16 1.178724419763442057e-15 4.315135676706072767e-15 -9.206801605639177846e-16 -2.354345820911578524e-15 1.249024979601290935e-16 4.456700678861017280e-15 -1.953272292615173216e-16 1.575544808691082228e-15 8.002191811982674526e-16 4.048002903205472170e-15 -5.841823340300554648e-17 -4.305667532051338773e-16 3.675280476333561816e-16 -1.287682785421050310e-15 -6.936400473421855732e-16 3.347547030311324623e-16 -2.803815401053046982e-16 3.946395336859912092e-16 4.847311457079872015e-15 -1.576946262154503574e-15 -5.411996667751072922e-15 -7.816311707257974206e-16 -9.446361830745439629e-16 -1.182063111665267380e-15 3.720911440866785263e-16 -1.597876196596740988e-15 -1.005806115920421139e-16 4.357156712719953535e-15 -6.943407280152007432e-17 1.044683118481483904e-16 3.939376444399214556e-16 -2.801458139226118290e-16 -1.257141470005296051e-16 4.596139963933888389e-16 3.293984003657256583e-16 -1.429956913417032739e-16 5.878810542490995321e-17 1.520033732767595709e-16 8.322112838781276347e-17 -4.424649962429358571e-17 -8.224430320594556775e-17 -4.855644210614830629e-18 -5.427006665094222102e-17 7.574805168975125756e-14 4.340168579180964451e-18 4.634969278489676087e-16 2.203554634367674673e-16 3.912885051131447093e-15 -4.973145631522006891e-15 -9.599018682148061707e-15 -8.954401471824831157e-15 -5.631041412841759818e-16 -9.528284092489462731e-16 -6.435319161692181552e-15 1.349765346233626689e-15 2.603627523415223129e-15 8.556926943601212105e-16 -6.338000692594789049e-15 9.219500370558605777e-16 2.077750339268432314e-15 -4.646697408010394214e-15 -2.619080790929948882e-15 4.454984687040684169e-15 -7.571935726141521679e-15 -4.275549528581807866e-15 -1.862293043134243358e-15 9.900516565023836245e-15 -4.849234211607611694e-16 2.657817509537955806e-16 -3.626229904923157626e-15 -1.729313799631059218e-15
-4.715695977064541309e-16 -4.148979003048038636e-15 1.519482202178235459e-15 -2.959536485452157132e-15 1.498991621763148725e-15 1.541074996307410241e-15 1.531664543261279463e-15 -1.876709020733003892e-15 -1.099841783131376870e-15 -9.282641628636331065e-15 1.610283263618533699e-14 -4.352783437039588209e-16 -7.174069702843299538e-15 2.267852019378803979e-15 -1.736207138409760729e-15 -5.552046464915006752e-16 -4.017865961992455852e-15 -3.137825167987229024e-16 1.246558640721612716e-16 -3.510355003157086250e-15 -8.712603744265308723e-17 1.134215401533669410e-15 -7.233911983741579578e-16 -2.655380661661172890e-16 -5.577219627138429945e-16 -1.748268873288553558e-15 1.353810804720426765e-15 -1.080587363682729052e-15 -2.997541956095847936e-15 2.665876229244894976e-16 1.497259739174735772e-15 -2.871397293467414909e-16 6.087146451995178489e-15 2.091157398999278980e-15 1.841718461261408860e-15 1.391030147141317290e-16 -1.727396166395589729e-15 7.616177645340061289e-17 8.869308437409025045e-17 -4.412935719856437726e-16 3.881937623894185590e-15 -5.817348793857053329e-16 -1.009026691007549669e-15 5.090778136019203362e-16 5.853621350021621891e-16 -4.613743841079668171e-15 6.058221357419108834e-15 2.659406747272227213e-15 -4.850799641905378857e-16 -5.826168394516046515e-15 -4.275327791602634430e-16 3.960610750186781302e-16 9.123809265872103064e-16 -1.161420681538592902e-16 -6.268868565596272253e-15 -2.354029454050744063e-16 -4.879559097730945063e-16 -3.574151935065379761e-16 -4.354644717048144648e-17 2.578021715671251129e-16 1.572695746148800706e-16 -1.285618624376041814e-16 -1.264471932170728139e-16 -2.160309120625578646e-17 -4.871555536847037628e-17 5.375709339695258333e-17 2.710318141663674303e-17 9.997533700337476267e-17 2.828792893469529166e-17 3.076748735929540031e-16 -6.598545705409396614e-15 -1.040192773386637642e-16 -4.301048983036003899e-15 -1.169833274828418781e-16 -1.566220701567063964e-16 2.943930806809882340e-15 8.114740458996268879e-15 2.070502790962629568e-16 3.386073687106222570e-16 2.555423018950972045e-16 6.551118396938333141e-15 -8.340946620437884852e-16 -4.988580728621296791e-17 -1.557410702265672093e-15 3.852097269417688238e-15 -6.744531530904277255e-15 9.353670694404167706e-16 -6.752892069250223591e-15 1.496514263680433469e-15 2.354630278078814968e-15 -4.020475318325969573e-15 4.547409075916238708e-15 8.205791643581197441e-15 -1.676455651411649811e-14 1.741672133971046684e-15 -5.157254475595295658e-15 1.467342991361380484e-14 2.664913360044527584e-15
-2.866753249747104602e-16 1.520733956881103949e-15 -5.253902358695549672e-16 -5.696163827371201843e-16 -2.248804783958647896e-16 -1.068310843703724724e-16 7.719974534508270276e-18 1.147390562320999957e-16 -7.715193631864779794e-16 -5.139607277373565521e-16 -4.352783437039588209e-16 2.859330362094152161e-15 -7.105026246718191994e-16 -6.856994093418608284e-16 -7.731005532857370199e-17 2.834233153541505967e-16 9.959760460176481068e-16 -1.794043298264717480e-15 -2.374260454392632092e-16 -2.619887547466284979e-16 1.086442215610842343e-16 4.406812371410964090e-16 -5.738674205387286584e-16 -5.567256206463587057e-17 -8.585153649289380949e-17 7.399773423073979644e-16 -3.666615661773565998e-16 5.745336589449169013e-16 -9.024483822110759430e-16 3.320113290918053469e-16 6.076613168759440270e-16 3.848259061754571493e-17 3.245731366871988734e-17 6.827827874012858802e-17 -4.428833495330774195e-16 1.477733599302540903e-16 -1.366192796313581951e-16 1.514607365345186258e-16 -4.025831487894379188e-17 1.710001432746676132e-16 8.856354681304262367e-16 3.683329234011998041e-16 -1.298201688853502411e-16 -2.728780773390384270e-17 -9.120663196383412894e-17 -1.045827339397836006e-15 4.888304524022555138e-16 -7.507838635070349221e-16 4.471083525888491524e-17 5.708666898635009813e-16 7.306480763555603388e-16 -7.880246564233657755e-16 4.095294465781568888e-16 1.600603133769123264e-17 9.752839227355501892e-18 3.434423073835753413e-17 4.601772774080710464e-18 -9.700207690859099822e-17 4.559980694932625429e-17 2.179724011044382273e-18 -9.257045468157471578e-17 -3.102499132116873612e-17 -5.723299597828287430e-17 -1.361703608134799832e-16 5.801413977511616213e-18 -5.463199888093002128e-17 2.752375017716621971e-17 -3.155211402128769766e-19 6.040003502659047552e-18 7.813594450283604530e-17 -1.620930653121770871e-15 -2.486220868660816925e-19 5.591447811779862458e-17 1.604213229370487962e-16 1.534078108349601043e-15 -2.431432351090120988e-16 -2.900530088520247025e-15 -7.072908395161583247e-16 4.868977857417011121e-16 1.669027281819137379e-16 -9.491143039686613649e-16 7.692754138941287195e-17 9.404810221308569405e-16 -2.876129517654459700e-16 5.716590125127838702e-16 5.544695920594554894e-16 -1.989265214462753432e-16 1.185554122968454748e-15 9.855921168658756609e-16 -3.348165163237991027e-15 -6.679529589651911938e-16 -3.976265599527970213e-16 8.273556639740297815e-16 -1.080673729365112501e-15 2.825705809820496558e-16 -1.082173446119655883e-15 -1.866972865545218769e-15 2.737914821948141084e-16
2.811604744619956502e-15 1.135967682385400185e-14 -7.374437726954912096e-15 1.034434883545265033e-14 -1.874122892463067942e-15 5.452238232438370582e-15 5.126561878994702168e-16 -3.217853349655319558e-16 -1.268117574137136081e-15 -1.721083950982482310e-16 -7.174069702843299538e-15 -7.105026246718191994e-16 1.856784238888934257e-13 -2.411742643219568089e-14 1.424084253232153799e-14 -5.734854728714664386e-15 2.632263814352601580e-15 3.844561899132507758e-15 -2.045758018269468878e-16 2.088392914276371451e-15 3.254043841626271779e-16 4.014983942873106748e-16 4.475248174290944041e-15 1.396209182418403296e-16 -2.637517308417620757e-15 1.206904400617741301e-14 -7.198607715597353142e-15 -1.615585392599963991e-15 -4.941441359643913548e-15 5.182811870765304887e-16 1.301297846004322146e-15 1.882497190215503447e-17 -1.500764904542374471e-14 -9.240088481838036550e-15 -9.437555273358755487e-15 -8.330460877592887109e-15 -8.184451621594107639e-15 -1.628567148444220085e-16 -4.465903045314850260e-16 -8.261565543471539272e-16 -1.455944700041782659e-14 -2.247377788445224427e-15 1.852273487109283686e-15 1.174907480557535388e-15 -1.501687900090381900e-15 -3.325334863910749393e-15 1.776006025282368192e-14 -1.590763460488043793e-14 5.179502414427340045e-15 5.927583813555262068e-15 2.346974634715051516e-15 -2.635917871170529515e-14 3.635275557197672794e-15 -3.369579149792458953e-17 -1.497828696112511960e-14 -1.642787778368857143e-17 -4.250776134568885568e-16 4.602476906945327206e-16 -1.154735873954731550e-15 3.360924493158588338e-17 -7.169338326425569242e-16 -1.941281395400210986e-16 -5.986193888915052422e-16 1.524932945162350309e-15 1.263063764756663203e-16 2.024025931933137736e-16 -1.276685247997682774e-17 2.949030869424069870e-16 -1.050483508026668855e-16 3.096984664306140686e-17 -2.261118383291991961e-13 5.645371798914535173e-17 -1.239673795068753481e-14 -7.776283481126139549e-15 -9.022726438122211708e-15 9.669992618997463001e-15 -1.392778752073167274e-14 9.889783457861403640e-14 2.435411776160887099e-14 3.791948691382353954e-15 -1.767959380972104528e-14 -2.254130565206019411e-15 -3.278086955603955203e-15 1.663205647859169017e-15 1.611152235762248635e-15 2.138281782839395989e-14 4.082061087720413844e-14 3.138011017104968217e-14 3.329201635961139294e-15 -3.291265099789363833e-14 -3.140890555357139916e-14 1.780224273858285145e-15 -2.865198021666777873e-14 1.127852594343850488e-14 -5.540965846904795123e-15 -1.098528695327667934e-14 4.644197536287531577e-14 3.159363763091003388e-15
-1.045919496910764942e-16 -1.094057940235548590e-15 -2.024880574677457036e-15 3.214758747716240212e-15 4.070109280632196917e-17 1.168274925489763800e-16 8.529305929649795939e-16 -1.789903916267308831e-15 -1.291310801757578574e-16 1.160075214469406221e-15 2.267852019378803979e-15 -6.856994093418608284e-16 -2.411742643219568089e-14 2.742555560652990490e-14 1.262781738220091230e-15 -2.256524990736155256e-15 -1.875808103842799774e-15 -1.951588111105838895e-16 -8.304366361292312427e-17 -6.157115359302120787e-16 -8.885329169328621894e-16 1.537510202083790649e-15 -1.559972509546775869e-15 9.233929405818236364e-16 5.291991920010828971e-16 -2.115393821715481722e-15 -8.492646815118294071e-16 2.269944180266367166e-15 1.052282284777858934e-15 2.829895090301289734e-16 -1.024386259167815987e-15 -1.358151084026243847e-16 1.670234698365793015e-14 4.143376447422631814e-15 -8.661530116826798116e-17 -8.150615492183487334e-17 5.069608675808725406e-15 2.499172755576412122e-16 7.408559790857232827e-17 1.191924534478129977e-16 -1.297249943022855172e-15 -2.227542640156817089e-15 1.422274159498880228e-15 5.589093016361412716e-17 -3.839087121234286635e-16 -2.765963981119670275e-15 1.697132419775227877e-15 2.134596453981992616e-15 -2.200492935833209385e-16 -9.716587656405578173e-15 6.496081241840829023e-16 -1.000784414999484733e-15 2.475151154874760725e-16 -2.802381878284709080e-16 3.753488234310633882e-15 3.660426989592787191e-16 8.243552684956280415e-17 1.579336195919247421e-16 1.516553485704860062e-16 -1.107356155855262275e-16 1.813150975181486090e-16 -6.314885191140091191e-17 1.006174490590723987e-16 -1.879509532042753472e-17 2.495076738516703265e-16 1.381787742126088242e-16 -3.881136655012032844e-17 6.012160668435995184e-17 5.417210884052843565e-18 2.816622139243950297e-16 2.763435976574531074e-14 -6.223433705398399567e-17 -2.597778473941036729e-15 -4.177767586057168753e-15 1.570656639225362632e-15 -2.217521269589544191e-15 -2.106992940053466044e-14 -6.565404454709568765e-15 -2.987987047610139185e-15 -6.504923831059126330e-16 1.162202394888553276e-15 5.340963429145399066e-16 2.927435372152709648e-16 4.262595210570498840e-16 2.986608770453268091e-15 -1.986370261168554572e-15 5.622004241953558289e-15 4.447864673312585114e-15 -4.960447896324294680e-16 -3.532657624372801673e-15 -1.354864736081848920e-14 -1.309727195119516763e-15 -2.048572644032861651e-15 2.448212680309796237e-15 -3.050335716545663380e-17 3.025507383275188179e-15 -7.720779216696533872e-15 2.488762966686445080e-15
8.161777565559267586e-16 -1.756329415957234974e-15 -1.421671856240545844e-15 -2.800966351867210788e-17 -8.440715279189970094e-16 1.814083380066802979e-15 9.941664900191576662e-16 -1.478786975859206262e-15 -4.702239676069497702e-16 -9.341907926236653416e-16 -1.736207138409760729e-15 -7.731005532857370199e-17 1.424084253232153799e-14 1.262781738220091230e-15 1.731836406774874412e-14 -5.666433280939876748e-15 1.745284842096931666e-15 7.025243728781514463e-16 -4.022455830778271385e-16 3.577874017585506372e-16 -2.167552641939002510e-16 -5.028737800955062406e-16 3.476419882739080485e-16 8.191005314748591220e-16 1.669781822804628307e-16 -2.287866153920487674e-16 -6.805011664485422884e-16 4.053321442557700638e-16 -4.645763494245866273e-16 1.246223230323262749e-15 -9.187304035952012012e-16 1.168581132213939799e-16 5.256436917318836554e-15 5.219297975899053136e-16 -5.510189723244313297e-15 -5.002323241097347929e-15 5.714992165680423895e-15 6.005240152268282865e-16 4.324160174052141822e-16 1.417695646900978557e-16 -3.434116103776246970e-15 -3.016318143261674799e-15 1.202783018982143267e-15 1.209932198313915639e-16 -1.190241324647542024e-15 -1.273841955279188771e-15 2.929394276812505826e-15 -1.501263975844418936e-15 1.975579041061737972e-15 -8.089490434725288214e-15 5.002917427505283909e-16 -4.193856556164300816e-15 -1.754865832153672330e-15 -2.495520165396152638e-17 -1.982726121422140773e-15 -4.258524369092313495e-16 4.134434566921483164e-17 -1.135036516607929105e-16 -4.968837524497406017e-16 -6.325060273360778813e-16 -2.702252333552137961e-16 -4.307563619753179491e-16 -1.421692526735514574e-16 -1.560578501312534219e-16 -2.844571381877679505e-16 1.057200555112099797e-16 7.573750789557391063e-18 3.657620115300359914e-17 -2.076234122669381133e-17 1.396941728522112664e-17 -5.663701483294969765e-14 4.293488745880735079e-17 3.912037793002530789e-15 2.988741548113145929e-15 -7.195586497415262218e-15 5.431028925005213202e-15 -1.036683552106223539e-14 2.070540072573196020e-14 4.641588083929033021e-18 9.595342093179574338e-16 5.489413317316962958e-15 -6.534377000451240703e-16 -2.605586575178845839e-15 9.455397643162153873e-16 -2.134478168341046283e-15 7.686812818726345659e-15 1.969347343940889260e-14 2.586984910486273175e-15 -1.822702543022273894e-16 2.617134602525770458e-15 -1.191844017296454049e-14 -7.038615285730191778e-15 -5.170297487470478931e-15 4.205189765344972074e-15 -3.418155082071760556e-15 -5.004047646656046390e-15 5.612827628807555418e-14 -8.131348765164235920e-17
-2.261017394050543662e-16 2.815285923909616915e-16 9.868440800177234691e-16 -2.986982740613242939e-17 -6.460828734807134690e-16 -1.443212158078844678e-15 -4.752742040851283886e-16 7.962946889171419867e-16 2.900805007541479004e-16 5.285313144592559570e-16 -5.552046464915006752e-16 2.834233153541505967e-16 -5.734854728714664386e-15 -2.256524990736155256e-15 -5.666433280939876748e-15 1.101688238746954368e-14 -4.886899960042436573e-16 -5.611558114121171244e-16 -8.170532776505169638e-17 2.031050658085414880e-15 -1.292580123036760800e-16 -5.379692885251912800e-16 2.177281823959803886e-15 -5.238311807346979952e-17 -1.529292279612212279e-16 4.624331479906849406e-15 -1.021315377373691183e-15 -1.746735626304600671e-15 2.010146857036347455e-16 -1.331774039154454515e-15 6.429147509033326700e-16 -8.927575160580395873e-17 -1.177953912111065528e-14 -2.808174594659643590e-15 -4.841373380559444969e-16 1.276269901875238480e-15 -4.692499655664532176e-15 -1.158783459983560568e-16 1.523645936806267939e-16 1.646429968334980235e-17 1.847428376329122573e-15 1.002467727305332905e-15 -1.134962742088251000e-15 -3.488602026015424477e-16 2.871627282546614362e-16 4.313348270446278419e-15 -1.055169811737264058e-14 2.800452930652089230e-16 1.700824073274339112e-15 8.717513471781434977e-15 1.908057712433829661e-15 1.810556067150496653e-15 -1.006667413810218603e-15 2.723204238490039572e-17 9.747759817440882062e-15 1.558292761585131059e-16 -6.976697870138595304e-17 4.735573423303503056e-17 1.906636012231139374e-16 1.370420344979060652e-16 3.390857272978733098e-16 1.022541314848736766e-16 9.008306022555138632e-17 8.187578801533741861e-17 8.556178988639874389e-17 -4.578875022751336829e-17 9.765332170712399309e-19 -6.919554799974376141e-17 2.647547849058470428e-17 1.835587669688878278e-16 1.920988382436829495e-14 -3.910930292151439394e-17 -1.772949912073030082e-16 -8.702629957359158331e-16 4.655111738969602810e-16 -2.929667773483842612e-15 9.477667687145683184e-15 -8.307124658644097917e-15 -2.143797964954966513e-15 5.546036332929533341e-16 -4.651444491731907521e-15 -4.893408044967373431e-16 5.815452308916424053e-16 7.693585763356427848e-16 1.282594589594776908e-15 1.779780083123586544e-16 -1.384718844045755074e-14 9.091390022217290393e-15 -1.254616533365439672e-15 7.617472478550664959e-16 7.945749881787743610e-15 2.757672423707245572e-15 -6.698246353867808088e-15 7.123739654150515262e-15 1.310761855731686816e-16 7.440005304973061222e-15 -4.071268776189230032e-14 3.629151460088909503e-16
