1.230332954294735944e-15 -3.317340027562801884e-16 -1.733950307146066360e-16 5.000792063279825269e-16 2.731723356961079377e-18 -2.904754928315669275e-16 1.417807245189708634e-16 4.260107560944471372e-16 -1.115915388111909040e-16 -5.746012457814886859e-16 -4.641199243238348268e-16 -2.781008635672336142e-16 2.800350745680813881e-15 -1.142407305864087521e-16 7.737540411976335027e-16 -1.845050175638475166e-16 7.838311764865132630e-16 2.455984323073263676e-16 -1.104836112077526535e-16 -4.465109371180877452e-16 1.352354338489890898e-16 -1.966819569408612976e-16 1.180497176092307365e-15 2.453783789715457874e-18 -1.350900533875468202e-16 -2.755542785117448565e-16 -8.511760247197921535e-16 -3.327970010790954066e-16 -9.779937439346010530e-17 3.345816539222733708e-16 2.365120766259700337e-17 6.455081259285823253e-17 -2.338806012635845558e-15 -1.237931919959938518e-15 4.281493970118474981e-17 -3.710143872354163844e-16 -3.062578274020241337e-16 -6.079738174077490276e-16 -3.389744676298943771e-16 -1.163545597934995601e-16 9.599493259162931725e-16 -3.665817755250061695e-16 -9.589577348652092551e-17 -5.664823255638900639e-16 -2.100453352939266231e-16 5.942884370241119917e-16 -1.204779199692680865e-15 3.712564455809956534e-16 4.089164682332593671e-16 4.810438462455347719e-16 7.218679854064793183e-16 -1.064628277710324734e-15 1.379399200493603025e-16 -4.157489659282281750e-17 5.786625105864697272e-16 -1.723732356235156906e-17 -3.831185021930654875e-17 6.488823290668052868e-17 -6.796868219137816463e-17 -2.557471707356433870e-17 -7.288041655908965512e-17 -4.106495913189835828e-17 -6.318094774531205118e-17 6.955463296656812926e-17 -5.844099039358458493e-17 3.441664702586476697e-17 -1.304003945809002637e-17 9.036573469171870458e-18 -2.220484394241534870e-17 -1.871635327994548272e-16 -3.503945340274026812e-14 4.577375252088088152e-17 1.449572548944420430e-15 -1.139137389760185973e-15 -1.013476849647327533e-15 1.288253499210664930e-15 -3.513830235742214084e-15 7.361610565530415105e-15 9.597916491080920297e-16 8.105213345318795462e-16 -1.217135366644364325e-15 -7.984933427922038157e-16 3.665295165923783412e-17 5.915901844341536037e-17 1.614259045100755188e-15 9.901160297105579890e-16 -7.134160784494708955e-16 2.173917223586086476e-15 3.153912695029342583e-16 -1.916249404846230535e-15 -2.865735875998101382e-15 1.394134935441886288e-15 -2.717265365379649587e-16 5.775569847827851894e-16 -2.310570622923250085e-16 2.096818848847515861e-15 8.737596532856108831e-16 1.908418859279562685e-15
-3.317340027562801884e-16 6.368130006762742273e-14 -1.424278508136507227e-15 1.946691138880517902e-15 6.853558209469210413e-16 -2.376837579624931966e-15 -1.638397559070492497e-15 -3.074671027877138363e-15 1.659644787731076697e-15 6.993493066068588823e-15 -4.586989344435339807e-15 1.384062720604655726e-15 1.121744718766725842e-14 -9.320285418235081368e-16 -1.613310866935196715e-15 3.730110741906972677e-16 -8.964656361407383741e-16 2.402875566269887892e-16 -8.306116156899323801e-17 -4.259573598830740065e-16 -4.031196448182862191e-17 -2.254574681173261993e-15 -2.925360445363171631e-15 -1.006409974175656647e-15 9.098893371907558764e-16 3.149966668441553211e-15 1.683388734389156067e-16 4.598755518712804443e-15 4.495952116801440822e-15 1.785716943924453939e-15 -3.486690730172313382e-15 1.519306141541245903e-16 3.204246145743932374e-15 8.535122345266812192e-16 8.186776984567088548e-16 1.842262075682692162e-15 -3.141303330279682131e-15 3.812075445083725991e-16 1.647594785584030008e-16 9.177148930401584863e-16 1.728165605782012447e-15 3.522877035827289186e-16 -3.207168125476821995e-16 4.636051197691815126e-16 -2.111489321747584266e-16 -2.319327184365938331e-15 4.046510434206956827e-15 -2.992287989413982609e-14 1.140700226331246349e-16 -1.848284769984804861e-14 -1.219718946100115067e-15 -2.082658012790404713e-15 -1.081797934450971076e-15 -1.096319945178518305e-16 -1.128665295377650273e-14 -2.790827952787543355e-16 2.585635352655897052e-16 5.660025334628832902e-16 -2.651027655433787843e-16 4.131790488863655671e-16 -2.003101665460383114e-16 2.709364301744473917e-16 -8.817460386599089819e-17 -3.091954031906511883e-16 -1.253501256619572782e-16 1.986171683410752419e-16 -5.945650127706331317e-17 -4.277625291999728535e-17 -9.822213432388412505e-17 -4.220150578990749745e-16 4.571378121129548085e-14 1.636428419777809474e-16 9.602055701094297257e-15 1.049643852685205696e-14 -5.915159622588929205e-15 -2.822208147391972302e-15 -5.123693679008397470e-14 -7.690378357543774247e-14 4.757978983738801768e-15 -3.770056273274458524e-15 -6.336760515478022840e-15 2.978298573436235662e-15 1.522997490848350440e-15 1.595975615965683044e-15 -4.880740480796752292e-16 -2.142094228510831517e-16 7.660207183724991334e-15 -7.363155788807331737e-15 -6.280605415815576615e-15 1.043046002409935384e-14 -1.573694606030587152e-14 -2.215241714739644433e-14 -7.131359978519383796e-15 1.146844793267072567e-14 -3.832481781323417787e-16 1.129937714244322995e-14 2.591564545757129902e-14 -9.052396832362695911e-15
-1.733950307146066360e-16 -1.424278508136507227e-15 5.610201064478402936e-15 -2.327346180835647594e-15 5.497671164955198632e-17 9.134100207467351237e-16 -1.696941567539987392e-15 -4.548996563456228780e-16 1.551196576137876209e-17 -8.997733210223172091e-16 1.520508188168486313e-15 -5.116904811199248734e-16 -7.125932023760738802e-15 -1.985136658205626967e-15 -1.392669239905106685e-15 9.866629490964546979e-16 6.335859336007928262e-16 4.911236585519795568e-16 3.614166780360988966e-16 -2.364328842375329029e-16 1.819143640136380146e-16 -5.789271914121535489e-16 8.417659733849907109e-16 -7.670691448215290106e-16 5.500091362146717070e-18 -1.315126177704990862e-15 1.111107940212974103e-15 -6.123869314635021844e-16 3.519712977720649534e-16 3.219538012706399454e-16 5.536743898532886155e-17 -1.368292420702957406e-16 -4.996983077112437404e-15 -1.689460341657775003e-15 5.635850338179325202e-16 7.123737847981980267e-16 -7.058328998984236506e-16 2.189397716783865752e-17 3.573659099599533024e-16 -2.614016582351296315e-16 2.848828711671838855e-15 3.893194492443212310e-16 4.551087212793912412e-18 -3.591115391576990198e-17 2.519985152015761715e-16 -9.545552845157097458e-16 -1.585821526534304801e-15 1.403418997542370920e-15 -1.130324031188481529e-15 -7.502388738978974615e-16 -1.437871837534236067e-15 2.869319076522813561e-15 2.391825974371247775e-16 1.247202819909886106e-17 3.529124792882635940e-17 -1.228638064626066605e-16 4.706449811891894069e-17 -1.215088958102836587e-17 1.352052425549873283e-16 8.741600271281552111e-17 4.926300260886627471e-17 5.205093413011324445e-18 -1.223204444899259893e-17 -1.238682088565882293e-16 1.187222289723923901e-16 -9.403218389027035058e-17 -1.017048632266040420e-17 -3.167868305121480808e-17 2.591848027337536190e-17 -1.462897793669240828e-16 -1.202212405670874594e-14 -4.258572943994407481e-17 3.030854708767365269e-15 4.397602078487308656e-15 -3.790404616586246418e-15 7.012802977413830296e-17 -8.423357210995837674e-15 -8.704731870722669366e-15 -1.477401940436166866e-15 5.588991971947694189e-17 5.529026615221436068e-15 9.338257526570600920e-17 -6.399303711025363175e-16 -1.131130891749084427e-15 5.243840162445220708e-16 -1.284651476467949262e-15 -4.004419071379368126e-15 -1.985638319881480319e-15 -4.822732987558924389e-16 3.774471348639683256e-15 1.798803572868713301e-15 6.885805070287106532e-17 3.117936544369344919e-15 -3.497922153115780737e-15 1.981835689988494228e-16 1.421169608261932398e-15 1.373671397449295886e-14 2.317391879846862407e-16
5.000792063279825269e-16 1.946691138880517902e-15 -2.327346180835647594e-15 8.699161535792457929e-14 -8.438327931619707723e-15 7.599202817247491927e-16 1.050882536661287194e-16 -1.838847611319249887e-15 1.673291386293907768e-15 1.819918566736415046e-15 -2.944271644891302576e-15 -5.870607780990063192e-16 9.807352638518287119e-15 2.961833932575252530e-15 -1.400289165215634461e-16 -9.913256479107581207e-18 -1.115938900269502442e-15 -4.031348077303927215e-16 6.240223480810118364e-16 7.432806994282462303e-16 -1.238432984509627638e-15 2.020963205611086586e-15 -5.865459910896607350e-16 1.852265049114473780e-15 -7.413991202722625600e-16 1.532715930811932531e-14 -3.202278611027480971e-15 -3.255297098576147080e-15 7.146641469390274059e-16 -3.439364779794812809e-15 -3.989136614498457807e-15 -8.979041309972590752e-17 1.057862322664075349e-14 7.315595819744320670e-15 -5.165006490374576133e-15 2.413463778497782123e-15 -7.387707659201062109e-15 -2.056869607596111021e-16 -4.594841816882129825e-17 3.021973824580947599e-16 1.327872584446116331e-14 -4.280736770416470149e-16 -1.072126323001343268e-16 2.247855108996825578e-18 -1.184307453703704145e-16 -4.099557069455738469e-15 1.072685526191472180e-14 1.083013942482744162e-15 -6.305479377608734785e-15 -1.468497497094938026e-15 -3.228010712072980952e-15 7.210973186769822777e-15 -3.481464757169036470e-15 -4.729386226908249609e-16 -2.028609588252854255e-14 4.649530896841236533e-16 -1.694026337537438309e-16 -8.096776215779011374e-17 -3.452286853591598712e-16 4.745795190732793409e-16 4.096063652256280018e-16 1.496171643991035858e-17 -4.994479871898647859e-16 8.203570489231366488e-16 -3.976599853380074127e-16 2.747499439701789552e-16 8.390421784317699852e-17 2.114496452682735590e-17 -5.813104826373588467e-18 -1.875913422332723349e-16 7.289374592869299474e-14 -3.899448607784589798e-17 -1.260042313176310489e-14 -8.328080773780970174e-15 8.287084016891116349e-15 1.045992521697952498e-15 1.606659232799398766e-14 1.394482729883900375e-14 -7.726949819210604931e-15 1.013469273965198900e-15 -4.477193331960174551e-14 5.974585785392450303e-15 -1.950258796418088077e-14 1.850274506228084818e-15 -3.647112246982470371e-15 -4.278422435305571747e-15 2.566947842440825595e-15 -1.663350735820237577e-14 3.023478194708676729e-15 1.445623348871282235e-14 3.879683089480396452e-14 4.536877186999690005e-15 -2.151599708891363982e-14 2.087644134290285532e-14 -3.187294582497653269e-15 -1.145496231022161533e-14 -2.464255167558216529e-14 -7.599558456846920849e-15
2.731723356961079377e-18 6.853558209469210413e-16 5.497671164955198632e-17 -8.438327931619707723e-15 2.956676844228458073e-15 7.747490517419810441e-18 3.257273173839071463e-16 -4.203597216379802248e-16 -1.067531814976489314e-16 -4.305125342627181788e-16 1.497209464190383399e-15 -2.231267589026188789e-16 -1.797639861239836695e-15 6.462982291294137888e-17 -8.177061205034891290e-16 -6.714722803741524150e-16 -3.458906399062877805e-16 -1.140289473584159283e-16 2.472116565610646925e-16 -1.101961196806682816e-15 4.890794346307362856e-17 1.415475837196677250e-17 -4.573026864870548372e-16 -4.040847501337642185e-16 -1.623404707461569854e-16 -3.067819438381322823e-15 7.323952052776115955e-16 7.898330589254004603e-16 -7.934674881619310282e-16 1.033242295300065317e-15 3.236617877089367785e-17 9.783755171987760301e-18 2.327055571948297109e-15 1.083975931586752353e-15 2.514797792753810636e-15 7.831333397733478938e-16 -2.533908143185993176e-16 3.447630257656484418e-17 2.773132645957267808e-17 -2.504387102531702332e-16 -2.246187913240322197e-15 8.275762529069028501e-17 5.560236663980257465e-17 4.130506043390152876e-17 -1.091596281617223756e-16 -2.404617024432457036e-16 -6.412804391421381800e-16 3.514740265265112629e-16 -2.720601926558737795e-16 -2.209881634951785245e-15 -3.199790541119736558e-16 4.390738715219724524e-17 2.119518120111038649e-16 7.328872645129247428e-18 -1.774925927093774671e-15 -5.258470693931726773e-18 -6.523844278732928300e-17 2.130745200568444578e-16 -1.412459340406912451e-16 1.895901164433223644e-17 -1.807142672609626992e-16 1.046570035486768478e-16 5.225982015322269625e-17 -7.898712437108420806e-17 8.279744266157431943e-17 -3.639398395772858715e-17 -3.493185227201840398e-17 -1.658914824740623819e-17 1.189876210106849428e-17 -1.997887267914161153e-16 -6.460556517673239813e-15 4.338538002735882481e-17 1.975507576576300747e-16 1.775551766150271668e-16 -1.214035277505584360e-16 4.004565631044391596e-16 -9.561587247983036229e-16 -4.615472570717083601e-15 1.460926362456880193e-15 -5.713078775949550846e-16 5.369022047730068768e-15 -1.629460216948338541e-15 2.932764171121823307e-15 -5.653893237134623555e-16 1.295971169977179655e-15 -7.548402010914320734e-16 8.003206335109706498e-17 -4.186836471727208442e-15 4.593841205190221873e-16 -1.452423283217113851e-15 -4.404309754114978544e-15 -1.460589188596706856e-15 6.334805766682723198e-15 -7.845204170425221072e-15 1.092273777758578554e-15 1.039112279777183103e-15 5.347207928678023688e-15 8.873416618610355200e-16
-2.904754928315669275e-16 -2.376837579624931966e-15 9.134100207467351237e-16 7.599202817247491927e-16 7.747490517419810441e-18 2.477140268424437269e-14 -7.440137709015274259e-15 1.933019087737841335e-15 -1.132797918838160499e-15 -4.824287017299793304e-16 1.606018576891101413e-15 -8.780147353562434741e-17 5.185006669677957026e-15 -2.414629574992124572e-17 1.753762204644078898e-15 -1.455969468885715401e-15 -7.501518489464621565e-18 6.339690474707381898e-16 1.075466556701097220e-15 -2.647763340212165764e-15 -7.064518948106235124e-16 -2.020119253349207102e-15 -3.793416096303388165e-16 7.472839351705968090e-17 -2.707563762424508944e-16 4.022179747556789168e-15 -5.938477080019963648e-16 -9.946020534818534134e-16 -5.024160359975141327e-15 3.564166520901641220e-16 1.785091886358364874e-15 -2.815767339949386767e-16 2.999534576170915526e-16 9.489808914921108854e-15 -1.163246107969683473e-15 -1.716265314400546605e-16 2.501136212282328963e-15 1.291077770285864086e-16 -3.551802863282299877e-16 -3.872518691965030034e-16 1.033939923661829301e-14 -4.582480268638636128e-15 1.447460538152621825e-15 3.747721762957583466e-16 3.674457877292827714e-16 -1.566147640442737582e-15 3.625342072586927619e-15 -2.392418293662453049e-16 1.354264351187734268e-15 -4.625305679986087060e-15 1.435994391618403454e-15 -6.257682240384355853e-16 9.615388286687805130e-16 -7.884899458539344154e-17 -3.632436058875292839e-15 2.256715697958694613e-16 7.287146001808309279e-17 -3.514501933025840640e-16 4.009238136165632099e-16 2.529538823955889240e-16 1.046276258883549341e-16 -3.289218858623232655e-16 -1.839849981444468366e-18 -1.983274788739239548e-16 5.786206570051272439e-16 -1.446292362591559484e-16 2.265833910416690706e-17 4.292500132921698895e-17 2.508435240266833667e-17 4.254265369481668365e-17 6.112318552828711788e-15 -1.150740251058847976e-17 -7.460936103982978447e-15 -5.225740682407714185e-15 4.906732215317143733e-15 1.793056824013231417e-15 -1.811830775471768125e-14 7.533710012860286480e-15 -2.677437451357722745e-15 -6.306340519842368376e-16 5.536068904848306235e-15 5.540620928914075299e-16 -2.993680875326468907e-15 3.943961432919406316e-16 -3.804265167523260027e-17 -5.681920758938491905e-15 -1.240405735650772927e-15 -1.409738695359091678e-14 4.112186678943188265e-16 -4.897823527067234984e-15 -3.638328675554122267e-15 1.227490486920393664e-14 1.045049878644819118e-15 -4.705483504122663860e-15 8.340080067192908691e-16 2.556302186984711861e-15 -1.413166387043622494e-14 1.628498699578698946e-15
1.417807245189708634e-16 -1.638397559070492497e-15 -1.696941567539987392e-15 1.050882536661287194e-16 3.257273173839071463e-16 -7.440137709015274259e-15 1.006662171721099249e-14 -1.332632776946083186e-15 -4.811786475317101457e-16 7.568109147075315926e-16 1.528375013955536830e-15 -3.671096659765415916e-18 6.213858015150037127e-16 9.450995771674903867e-16 1.026143343117105509e-15 -4.528939332508057928e-16 -3.214153633404747049e-15 -4.374539193733368574e-16 -1.047416496932728232e-16 -5.045929470153916209e-17 4.199804244971535781e-16 7.954022671472071576e-16 4.107248356293421993e-16 3.244117430171556260e-16 3.720898666242784802e-16 -2.623221594523367248e-15 -6.412761256325484098e-17 6.965811052453537562e-16 -1.302935785912101880e-15 1.680234582352113236e-16 -8.698308129163690958e-16 -1.173407335146304221e-16 3.714860098763861038e-15 -9.131146045563942464e-16 5.309453197822886601e-17 -2.968571738864395302e-16 -6.007611739488110027e-16 -3.219720969486222197e-16 9.037949284975322306e-17 -1.120896051634660166e-16 -5.669519925298274509e-15 5.867085270449109668e-16 -1.400456818765039695e-15 -2.118220338752675493e-16 -9.613110676037637218e-17 1.063833990545822962e-15 9.195702251419161068e-16 -1.063780643232165062e-15 2.456052963108695627e-16 -5.605185941584135461e-16 -1.298027445572533530e-16 -1.040941996185833014e-15 -1.751645222134803793e-15 1.131657706067360163e-16 2.119302899235254784e-15 -8.100158707165692977e-17 -2.991282349259519575e-16 1.110469064048107132e-16 -3.847154352507029058e-16 -5.708943750476928982e-17 2.389451506759004147e-16 1.842302330173387489e-16 -9.716754343555802933e-17 -6.399992671684702642e-17 -5.758497701232128961e-17 1.198847787369997103e-16 -7.074114734538418796e-18 1.579809892236550012e-17 -2.036821646373045936e-18 3.083269962676940232e-17 1.266552752582038792e-14 -5.619219442620607689e-17 2.211662647199942206e-15 -8.363223813983467869e-16 -1.943739601141750711e-15 3.508656182780737945e-16 2.721616105751659160e-15 9.559371928108057746e-15 5.642117960114379345e-16 4.392992425671876752e-16 -3.986997521796189693e-15 -9.513030844186810359e-16 3.172796569831166836e-15 3.395845244526078024e-16 -1.816750159224616151e-15 1.404137740968903800e-15 5.043826845213899175e-15 2.007551894019346603e-15 3.441704054853486496e-17 2.468311249859338449e-15 -8.156975913850524955e-15 -7.404443705836875117e-16 3.175620524061677093e-16 -7.549534204259887801e-16 2.558687661966483802e-16 -1.979442444883549564e-15 3.901252220339508016e-15 9.824632386729432803e-16
4.260107560944471372e-16 -3.074671027877138363e-15 -4.548996563456228780e-16 -1.838847611319249887e-15 -4.203597216379802248e-16 1.933019087737841335e-15 -1.332632776946083186e-15 1.000929281405829421e-14 -8.559766635675328899e-16 -4.887126243029077652e-15 -1.762528398637618440e-15 1.751600527844601716e-16 4.136273030133678205e-16 -1.782438042444923098e-15 -1.356550299066871492e-15 7.279900335366696433e-16 3.712789010598654224e-15 3.085619693167851409e-17 -2.146487709800444239e-16 1.030968701779801651e-15 5.548129050200962007e-17 -7.098869178137717393e-16 5.842035825655197820e-16 -1.347041562641595019e-16 -3.714566253818901196e-16 3.107425862154991431e-16 -1.574048549032364945e-15 8.939055186545672638e-17 -2.212091382171587903e-15 -3.369768979893736801e-16 1.671939233066145600e-15 1.308716551809915547e-16 -7.439860295518202837e-15 6.086603145651422566e-16 -3.817068069222350949e-16 1.592433321241269989e-16 -1.970826543956589408e-15 -4.550434923966213135e-16 -8.307739467641781009e-17 -9.224881706590039347e-17 5.970778631698299755e-17 -1.868890294835921891e-15 3.573387715554042739e-16 -5.152422028155549766e-16 -2.310038487479421616e-17 4.095034683391685027e-16 -1.486286560644074328e-15 9.114209483781342765e-16 2.986353501005983295e-15 4.561146440381977714e-15 3.226229145447716944e-15 -1.757044529679553284e-15 1.656699196179682938e-15 1.484398649103648925e-16 4.021349051765383074e-15 1.398433171690319919e-16 2.107932542863340068e-16 -2.379550258540967277e-16 4.160855609741466154e-16 1.473898461612705947e-16 -2.858949510166633684e-16 -1.168846976948408897e-17 2.254035462858706658e-16 3.598412770214169721e-17 2.380166437251563375e-16 -4.495133082087695733e-17 1.183183205676829222e-17 1.788752376824293394e-17 1.064696178365440574e-17 1.285746747341943614e-16 -3.675323040818876134e-14 -4.143676273257315413e-17 2.284120915879857549e-15 -7.502266621148628951e-15 3.433185333560498189e-15 -1.158072758725885112e-15 -3.906517711293720684e-15 7.462269784436614185e-15 1.044777632863507915e-15 -6.794782069815528490e-17 -2.847100326869260344e-15 9.613695276098516583e-19 -6.935901971335874802e-16 -6.612477221087643231e-17 2.326726345686695244e-15 1.384759592665778052e-15 -7.576018786893353552e-15 3.929017937172263862e-15 9.390634046388980301e-16 -1.185128531643886907e-14 3.275243122961840765e-15 3.539263884514749113e-15 2.288695084082072371e-15 -1.732226634748354122e-15 1.179189192048097762e-15 3.347318958654343632e-15 -2.519126628232681811e-14 4.828212569028763080e-15
-1.115915388111909040e-16 1.659644787731076697e-15 1.551196576137876209e-17 1.673291386293907768e-15 -1.067531814976489314e-16 -1.132797918838160499e-15 -4.811786475317101457e-16 -8.559766635675328899e-16 1.727339288152630455e-15 9.115837560116873174e-16 -1.134861658787829590e-15 -7.806025899828031581e-16 -1.217510126007157960e-15 -1.151608683728655427e-16 -4.377188597020227314e-16 2.978083930767292018e-16 3.381298738099609299e-16 2.626623189852407269e-16 2.069151017498086676e-17 3.299038088748520303e-16 -3.601526132960493192e-16 -1.858207883457400063e-16 -1.250732859498945126e-16 -9.784463982043888280e-17 -1.705317793863396115e-16 1.376700095701292463e-15 3.202307338258006534e-16 -1.711384443010051579e-16 1.133173741714740785e-15 -2.671618673508985792e-16 -5.643993337251751215e-16 4.900175384829196994e-17 9.095927949840543055e-16 7.659890478079537674e-16 -3.440896082436361089e-16 2.205937541724802911e-16 3.717717985776288099e-16 4.957911608920835684e-18 3.380999042225743153e-17 1.540007478085527877e-16 4.969574341821463479e-16 1.486962152373162767e-16 -2.420628729609480999e-16 -1.336522548580233818e-17 -4.450803213729993454e-18 1.347298172495298740e-15 -1.290575886676491841e-15 -5.334897282146888177e-16 -6.635882241904144618e-16 -6.932121571156926871e-16 -2.413736783311152477e-16 8.443475109928993430e-16 -3.088823612560768626e-16 -1.534848445797438157e-17 -5.332824127960050854e-16 1.176710806781454973e-17 5.786296889726439396e-17 8.203221150675904649e-17 -5.225393783061279936e-17 6.871325482273901468e-18 1.203703574700400859e-17 -3.759546445587850072e-17 6.199342948591939870e-17 6.056681738668897823e-17 -8.455948775428795017e-19 -2.589110939729025473e-17 -1.694379652327988630e-17 -1.987942907778838944e-17 4.321268384199954150e-19 -1.424501286868710956e-17 8.240187639212166907e-15 8.386815638977181778e-18 6.626602743649988005e-17 1.879192961982731216e-15 -6.701914791650289716e-16 -6.077093166041634354e-16 -4.121869804813382723e-16 -3.890881188050870260e-15 -6.375943704533669163e-16 -1.621583338035715297e-16 3.963684691329192950e-16 1.320446601055042750e-16 -9.624734184471081919e-16 2.413989378944722938e-16 -1.078303765959829843e-15 2.134029251621990639e-16 -3.712192773992820135e-16 -4.243313409807693001e-18 -4.232802898213629846e-16 2.249218773691657343e-15 2.942889421481015832e-15 -2.019653145512320407e-15 -2.000610354690400412e-15 3.629052161379366363e-15 -5.279286396030418694e-16 8.553606770404974325e-16 1.893950017193032860e-15 -2.259518311974327143e-15
-5.746012457814886859e-16 6.993493066068588823e-15 -8.997733210223172091e-16 1.819918566736415046e-15 -4.305125342627181788e-16 -4.824287017299793304e-16 7.568109147075315926e-16 -4.887126243029077652e-15 9.115837560116873174e-16 2.276100422236420795e-14 -9.426610049740848488e-15 -5.930344169843006109e-16 -1.112105894876032274e-15 1.041324844939280433e-15 -1.120384955378246350e-15 6.037263546397242824e-16 -9.428638541061806360e-15 4.683350974282103334e-16 2.141807331405297155e-16 1.619472681345272482e-15 -1.183866897859313682e-16 1.835966569331295833e-16 -1.059024170383631773e-15 3.331052520606056789e-16 9.783537991651401403e-16 8.675098866157871008e-16 1.301882381031740066e-15 8.449773100362933874e-16 4.157040593504816006e-15 -1.466578092894410739e-15 -2.370798906735177252e-15 1.295375114934763816e-16 4.819635326051537793e-15 -7.612695870456446834e-17 2.041967614160095419e-15 8.641964783176285563e-16 4.327827263836747739e-15 2.185106439522620204e-17 -4.049856511465997549e-16 3.939867167797783927e-16 -1.254910434866322228e-15 -6.098219649157214125e-16 4.593978327529448237e-16 -1.714035664939781201e-16 3.804220593332295201e-16 5.034239655099735287e-15 -2.037295930186650935e-15 -5.148949823834713811e-15 -8.915812205434071909e-16 -7.334984862670908328e-16 -1.287748897255285952e-15 4.899431390660116207e-16 -1.727673365268678248e-15 -1.241427783343816303e-16 3.676208452657472134e-15 -8.547744837581687187e-17 1.105073318523406309e-16 3.789308016116353157e-16 -2.969531445358842859e-16 -1.264948568567866795e-16 4.553222854825129395e-16 3.349850161444342453e-16 -1.524774109201860438e-16 6.789265561766120962e-17 1.493597073433324004e-16 1.041941962953752366e-16 -4.460248146349076727e-17 -8.059413168973453938e-17 -9.984202817479415482e-18 -1.122685237476843408e-16 8.217299035230436809e-14 -7.368369880704867859e-18 4.644237842410022822e-16 4.498602553201095303e-16 4.007188746473688184e-15 -5.158252901638496465e-15 -8.539411219553912796e-15 -1.050036485198073508e-14 -9.309621661023521087e-16 -9.401401686850377951e-16 -6.333920381669415170e-15 1.442043155717254899e-15 2.865616122242321857e-15 8.386590650604583736e-16 -7.581236484253658646e-15 4.629320307081536700e-16 2.296378948809279392e-15 -3.003897530525553938e-15 -3.405895352446319232e-15 5.555154887459311205e-15 -6.249474082798172675e-15 -5.468175372694046457e-15 -2.275609386904881386e-15 1.051189273196459262e-14 -5.319172002289289973e-16 8.980750150727458945e-16 -8.178896134631756913e-15 -7.451095074231427044e-15
-4.641199243238348268e-16 -4.586989344435339807e-15 1.520508188168486313e-15 -2.944271644891302576e-15 1.497209464190383399e-15 1.606018576891101413e-15 1.528375013955536830e-15 -1.762528398637618440e-15 -1.134861658787829590e-15 -9.426610049740848488e-15 1.620239750749590819e-14 -4.098243145277272022e-16 -7.246816694251054165e-15 2.249094659273139201e-15 -1.785637233338169905e-15 -5.708796772054865496e-16 -3.897574117045102169e-15 -3.730264735089729802e-16 1.430828820956642139e-16 -3.434664660752650249e-15 -4.702975946914487016e-17 1.151768777557210166e-15 -4.805702813936291730e-16 -3.832678888516769716e-16 -5.981144202900316766e-16 -2.974341231126843928e-15 1.049469327920718646e-15 -9.428209728130060315e-16 -2.925373214599358705e-15 5.676378972775132930e-16 1.449310727234234086e-15 -2.882716732642641660e-16 5.974909735065432010e-15 1.976971057255365618e-15 1.719995277391598290e-15 1.073113347333655747e-16 -1.754450128692426483e-15 6.203448729646459252e-17 8.875242414256400274e-17 -4.617562975362951050e-16 3.920661911753852109e-15 -5.882911926478654909e-16 -1.059382443411131805e-15 4.833619597369635720e-16 5.932543090431043650e-16 -4.646343291955932377e-15 6.378371120759619549e-15 2.687295417935714443e-15 -5.019615710659154510e-16 -5.946572270402853412e-15 -4.032086053202644158e-16 4.901309595646795966e-16 9.696748536735680072e-16 -1.043480495060565715e-16 -6.087760216495539172e-15 -2.128114968758833295e-16 -4.891023130862904745e-16 -3.633766990487009519e-16 -3.115054992473416266e-17 2.622275008557996773e-16 1.629349515789788979e-16 -1.195507270705191086e-16 -1.320914647997281598e-16 -2.453246057966450775e-17 -4.189667726177505151e-17 4.458244032441009234e-17 2.803833295809486186e-17 1.026740777413925517e-16 2.993989849697481744e-17 3.324128854116202593e-16 -7.014453113291035845e-15 -1.005125414436074240e-16 -4.596936209765551328e-15 -4.416041146816450406e-16 1.163172609603655622e-16 3.075973863085151245e-15 8.585776307655492304e-15 8.606629720868821464e-16 4.216902825880629621e-16 2.469425211583323561e-16 6.461704604892536654e-15 -8.489949940872609184e-16 -2.080211286133680782e-16 -1.582036013192251767e-15 4.192657413554049758e-15 -6.743425523063465618e-15 1.873014521111335424e-15 -8.118667994154134635e-15 2.619716152399248460e-15 1.327052140599575257e-15 -4.011567289910201122e-15 5.307043243575822626e-15 8.456081249730160375e-15 -1.695380667444666444e-14 1.830238533735911737e-15 -5.474380856347407033e-15 1.612284183785324241e-14 3.126247428755399098e-15
-2.781008635672336142e-16 1.384062720604655726e-15 -5.116904811199248734e-16 -5.870607780990063192e-16 -2.231267589026188789e-16 -8.780147353562434741e-17 -3.671096659765415916e-18 1.751600527844601716e-16 -7.806025899828031581e-16 -5.930344169843006109e-16 -4.098243145277272022e-16 2.857408807188191524e-15 -7.295493191401239786e-16 -6.593212658727304291e-16 -9.276233764619580827e-17 3.045896441950606798e-16 1.042812215128888506e-15 -1.809331891751059216e-15 -2.343474112450074714e-16 -2.331395107208555903e-16 1.159122691748186120e-16 4.389633571359720243e-16 -4.741963036983812506e-16 -8.421412317068225844e-17 -9.304620433393781415e-17 3.548455910016620437e-16 -4.627675617272731432e-16 6.140166119656798420e-16 -9.047284451084767510e-16 4.019735796044674085e-16 6.040685936449802583e-16 3.720477944877699750e-17 -6.812523137931255010e-17 3.567044580396038289e-17 -4.728033917132138894e-16 1.511048916252935369e-16 -1.672752148041882827e-16 1.414417527072414677e-16 -4.046352605573437579e-17 1.686314233951482086e-16 9.163017210754108874e-16 3.688506954286357980e-16 -1.496813442004370162e-16 -3.830188110733118483e-17 -8.531558498103100638e-17 -1.042104326084593344e-15 5.173043469823900517e-16 -7.355033284336797068e-16 4.647975824514174053e-17 5.497518584581707391e-16 7.549202382254444804e-16 -7.625154307034095670e-16 4.281212027294782798e-16 1.994168984186652167e-17 6.768250687534274978e-17 4.373024386228422716e-17 1.486874532581050265e-19 -9.824157727460771662e-17 5.165345347597795957e-17 2.781899564642814814e-18 -9.181482686671067486e-17 -2.964482671644845458e-17 -5.641380457836545113e-17 -1.350868076395910573e-16 7.052875807759330381e-18 -5.697675996470201947e-17 2.672319179380325999e-17 2.070454331079773573e-19 6.655652155549074991e-18 8.803284674978557810e-17 -2.317740165581977044e-15 3.064011214597170986e-19 8.028079527706222930e-18 6.853389129967984998e-17 1.578779779483429256e-15 -2.122903917126453484e-16 -2.860835193647050138e-15 -4.914243583283811705e-16 4.826577779897016214e-16 1.825790096309573903e-16 -9.526913799632752247e-16 4.664967062657019817e-17 9.113084682212652790e-16 -2.926392330889803629e-16 7.236310556038494497e-16 5.591762720902780972e-16 -3.200904796714990936e-16 9.451549970482105564e-16 1.128006771463578126e-15 -3.584618534295430979e-15 -6.611981120526088976e-16 -1.957511406954804250e-16 9.119403959995760182e-16 -1.129978082611047578e-15 3.026343768912570426e-16 -1.145097576085832970e-15 -1.665959166866914185e-15 9.925773323827965052e-16
2.800350745680813881e-15 1.121744718766725842e-14 -7.125932023760738802e-15 9.807352638518287119e-15 -1.797639861239836695e-15 5.185006669677957026e-15 6.213858015150037127e-16 4.136273030133678205e-16 -1.217510126007157960e-15 -1.112105894876032274e-15 -7.246816694251054165e-15 -7.295493191401239786e-16 1.870568670048640305e-13 -2.391673742052069974e-14 1.480953211539810209e-14 -5.693842099177233715e-15 2.927225329567018794e-15 4.091317428037415099e-15 -1.669466392740017140e-16 2.734778316662094572e-15 5.748660794070406970e-16 2.008110153143146441e-16 6.024456001398200744e-15 -4.539247292035550101e-16 -2.621445463789768703e-15 4.799260268018258897e-15 -8.147215628094110359e-15 -8.615915197492314587e-16 -3.338430133193047113e-15 1.380729035136767212e-15 7.007077125040536786e-16 1.818400881640040037e-17 -1.672383382228268059e-14 -1.031706125985816540e-14 -1.062906712461645375e-14 -8.349342196949948691e-15 -8.388484102111251550e-15 -8.799844124572395209e-17 -3.866637845132393093e-16 -7.694855564133486562e-16 -1.590616707269081639e-14 -2.018652641186714711e-15 1.668630350368865438e-15 1.109959873252719852e-15 -1.530802538776120252e-15 -3.384124245943628196e-15 1.840180171120117153e-14 -1.706441813840068396e-14 5.456852842584712019e-15 5.649291454224828665e-15 2.294880831325417447e-15 -2.651731389062326269e-14 3.765386585887083612e-15 1.956476506078315276e-17 -1.414953177516878770e-14 2.125393140039891499e-17 -4.957113383769244837e-16 5.563418543592785398e-16 -1.115759258320520404e-15 6.914524331481839120e-17 -7.178445385331230235e-16 -1.753013996771976523e-16 -4.899312591661465367e-16 1.504193480215719199e-15 7.811246527389226085e-17 1.909210968198850041e-16 -3.510442214544009208e-17 2.682630442607411289e-16 -1.094024643142938626e-16 1.640940729953208088e-16 -2.320704776488092395e-13 1.000602640366827836e-16 -1.101907904325975011e-14 -6.426874001320474580e-15 -1.110311836080641775e-14 9.605776139618541151e-15 -1.670940055712375280e-14 9.963782627609342081e-14 2.424294977808865162e-14 3.531498903649072243e-15 -1.800238196454594597e-14 -2.302497894394847274e-15 -2.906940024403841104e-15 1.810500189873181242e-15 3.411312741867585701e-15 2.240893839829947890e-14 3.951882039476861153e-14 2.865108576105990392e-14 3.635330142624967619e-15 -3.173754893065380492e-14 -3.386982481220998764e-14 1.429083138405984631e-15 -2.894847614365653960e-14 1.180111294479155933e-14 -5.781535874945704698e-15 -1.179653465769934393e-14 5.438886125303059277e-14 1.756135904662059840e-14
-1.142407305864087521e-16 -9.320285418235081368e-16 -1.985136658205626967e-15 2.961833932575252530e-15 6.462982291294137888e-17 -2.414629574992124572e-17 9.450995771674903867e-16 -1.782438042444923098e-15 -1.151608683728655427e-16 1.041324844939280433e-15 2.249094659273139201e-15 -6.593212658727304291e-16 -2.391673742052069974e-14 2.741688186031245003e-14 1.417555229914729239e-15 -2.313709738696640392e-15 -1.846161490316578297e-15 -1.183293333587097942e-16 -1.005283367424703274e-16 -4.739405330896811872e-16 -8.048710708202899184e-16 1.460046584405682009e-15 -1.368805383546600591e-15 8.304701139626501206e-16 5.690778110268473914e-16 -3.053328797286799766e-15 -9.156296241750975378e-16 2.408879799447106565e-15 1.560142997506800965e-15 4.337308582034280509e-16 -1.174188460154168207e-15 -1.311775456592190277e-16 1.649796620158139084e-14 3.773398608981832607e-15 -5.046150876930476746e-16 -1.489270112644382321e-16 5.007132829043808342e-15 2.728334124969936657e-16 7.252358442479763458e-17 1.275232183464221990e-16 -1.876829598669826925e-15 -2.139582454266944990e-15 1.401360839997719604e-15 5.151646774093576329e-17 -4.034295033834618651e-16 -2.844040702832376124e-15 1.746198551294400168e-15 1.769309963577452017e-15 -1.292316183586812201e-16 -9.786333370741305997e-15 6.145996442737300136e-16 -1.224610887185594982e-15 2.553845978284237302e-16 -2.784100848877945512e-16 3.876733203756012502e-15 3.602799090397974958e-16 7.884976099813168450e-17 1.886483328782706105e-16 1.522354626957951664e-16 -1.098864626538829171e-16 1.815833723044158851e-16 -6.622197806270670677e-17 1.334783171221363746e-16 -2.518969815121257335e-17 2.469399869366529583e-16 1.382745962899707807e-16 -4.155851916478661316e-17 5.218405561132595422e-17 4.959457567878076256e-18 2.854218591939910551e-16 2.645937339311646999e-14 -5.407846497778697822e-17 -2.060155633798967091e-15 -3.752747667175061208e-15 8.081485244402108877e-16 -2.308643356938152917e-15 -2.255121105409155693e-14 -6.278891847510176125e-15 -2.869156738972164392e-15 -7.132214599945941477e-16 1.008699658249732285e-15 5.502383310491302257e-16 6.279056266803266607e-16 4.564795997447987120e-16 3.196787619977065900e-15 -1.470082316843912071e-15 7.184523130644155878e-15 4.303020540080463179e-15 2.182846272500392154e-16 -3.373730804359519049e-15 -1.439836803567136329e-14 -1.864335811566991136e-15 -2.579758999012698095e-15 2.609162146781572134e-15 -1.128715011531130639e-16 2.886035955315105157e-15 -5.205396005430350118e-15 2.236968922274579779e-15
7.737540411976335027e-16 -1.613310866935196715e-15 -1.392669239905106685e-15 -1.400289165215634461e-16 -8.177061205034891290e-16 1.753762204644078898e-15 1.026143343117105509e-15 -1.356550299066871492e-15 -4.377188597020227314e-16 -1.120384955378246350e-15 -1.785637233338169905e-15 -9.276233764619580827e-17 1.480953211539810209e-14 1.417555229914729239e-15 1.759153415909452864e-14 -5.715527682271928509e-15 1.770116229113330150e-15 7.942607557620704736e-16 -4.009658215481804474e-16 4.841960546493209361e-16 -1.747696173871532482e-16 -5.710842690816951288e-16 5.830255726844956706e-16 7.406417621319465111e-16 1.835597179058768198e-16 -1.794602826702009111e-15 -8.037872668702539076e-16 5.678966272985689374e-16 -3.772802908572842460e-17 1.394836364041386744e-15 -1.099705242864446189e-15 1.188316833351109504e-16 5.044939049413465020e-15 2.578467970130478224e-16 -5.844577474391372182e-15 -5.084670203495671254e-15 5.768329204157579130e-15 6.602570010694776146e-16 4.608558681564346406e-16 1.728309937695995781e-16 -4.076515164920677183e-15 -2.959668508997377611e-15 1.188035669370023238e-15 1.437012767912004054e-16 -1.202938457858461413e-15 -1.441878458286755785e-15 3.221164874623718451e-15 -1.881168808431929483e-15 2.040191542750914807e-15 -8.215011683389453529e-15 4.728165474555364367e-16 -4.337706506853288943e-15 -1.731619555501277328e-15 -1.603742093802275590e-17 -2.011145509071123750e-15 -4.234929336825055727e-16 1.474738587051927349e-17 -8.178588627928994433e-17 -4.914515717594570633e-16 -6.265315080021625943e-16 -2.797064712716602544e-16 -4.247335136337823091e-16 -1.078321072671569399e-16 -1.615248184743850946e-16 -2.961507561680616608e-16 1.068516270484937881e-16 1.481856477988816720e-18 3.038195291487173674e-17 -2.414639825656794122e-17 3.467034162522873830e-17 -5.727096678841123692e-14 5.360895367493696456e-17 4.412577111020477699e-15 3.546883046449369807e-15 -7.901163121488557075e-15 5.355137267257880229e-15 -1.135803716130701786e-14 2.095421210662667198e-14 -5.313669516191835027e-17 8.869857340765016612e-16 5.455320011874424687e-15 -6.391732354702013315e-16 -2.355667082785308122e-15 9.630409877619591958e-16 -1.862825943192749130e-15 8.065768307697061419e-15 1.942006432541228817e-14 2.230335335997579618e-15 -5.107602602275009703e-16 3.288156059205098085e-15 -1.280800448866854226e-14 -7.800157967883335215e-15 -5.344428783379800568e-15 4.362706603483006345e-15 -3.534366313830132839e-15 -5.299480934497328079e-15 5.874240435360805589e-14 4.060701309873893146e-15
-1.845050175638475166e-16 3.730110741906972677e-16 9.866629490964546979e-16 -9.913256479107581207e-18 -6.714722803741524150e-16 -1.455969468885715401e-15 -4.528939332508057928e-16 7.279900335366696433e-16 2.978083930767292018e-16 6.037263546397242824e-16 -5.708796772054865496e-16 3.045896441950606798e-16 -5.693842099177233715e-15 -2.313709738696640392e-15 -5.715527682271928509e-15 1.092041153058236316e-14 -5.203527521685905231e-16 -5.295713418446519290e-16 -6.691095270529146118e-17 2.098427508350635929e-15 -1.052403194587631017e-16 -5.060899244516966264e-16 2.207414076190312383e-15 -1.511533170505738087e-16 -1.697667927430809860e-16 4.547281402565157692e-15 -1.011140580675566075e-15 -1.659238671036612298e-15 2.658922759593427223e-16 -1.318008304357559570e-15 6.484632311224407971e-16 -8.708614906553702007e-17 -1.135601083272967050e-14 -2.720158030339977326e-15 -4.396355698888699493e-16 1.288605116935454592e-15 -4.695904837237931690e-15 -1.435081241542923050e-16 1.349512586727439663e-16 7.399417301252017743e-18 2.002530607492083101e-15 1.002278455510023888e-15 -1.136072778922442067e-15 -3.692040214720151197e-16 2.727848376278000853e-16 4.306623463990085994e-15 -1.044505510658913688e-14 2.230564105473274488e-16 1.646241652682009737e-15 8.702046270929419501e-15 1.813447672338850645e-15 1.789487658238095973e-15 -1.017420318403651818e-15 2.180482481736191387e-17 9.972992515351963614e-15 1.486784759769698274e-16 -5.097704296941661901e-17 4.682708826786943533e-17 1.764999941892137506e-16 1.381830665887767833e-16 3.364112453871643044e-16 1.016201634020857859e-16 7.840861774857933150e-17 8.574336883197786943e-17 7.535170195394098631e-17 -4.402099090481284455e-17 1.398502819238204861e-18 -7.064714079462100378e-17 2.809209741553290560e-17 1.778293619180692307e-16 1.946768949132880060e-14 -4.130711944420507924e-17 -3.054160907879185171e-16 -7.426729926376175244e-16 4.946441947865936217e-16 -2.902454861577876794e-15 9.684285582642207007e-15 -9.092914674952179667e-15 -1.958048362341059354e-15 4.492344534330558946e-16 -4.647869506118519192e-15 -3.749331583396965159e-16 2.963849701205312297e-16 8.191362941247339873e-16 1.303695432066960424e-15 9.740162118498135107e-17 -1.329048501405116091e-14 8.649046155177893161e-15 -1.146221313826768666e-15 9.183235643447867753e-16 8.247578228056018084e-15 2.826469633024142084e-15 -6.715219957367762354e-15 7.191592900880891830e-15 1.236901144984957540e-16 7.390620867126451897e-15 -4.015448351938361427e-14 -9.558075611610455692e-16
