1.005411516849132388e-15 -2.907866034184486226e-16 -3.889258060069830109e-17 -1.483889492493264687e-16 7.957349847643173073e-17 4.685771249045190751e-16 -2.275035722571040047e-16 -7.613281312050290406e-17 -2.895370016974585354e-16 -7.041827917166718952e-17 3.351788132088390248e-16 1.234777886963234310e-18 -1.115566734252476686e-15 2.491428185714311547e-16 -4.331618405056566710e-16 -3.798975521122710610e-17 -1.168916061761777249e-16 -5.703811640824106507e-17 1.701707715143529742e-17 -8.627859352377706453e-17 -5.981282509752703523e-17 -1.115945242833003223e-16 -4.716139890665909165e-17 3.425348468590141593e-16 7.819151091645684555e-17 -1.731472790388866667e-16 -3.885499150749131290e-16 -2.760795048517805122e-16 -2.410601537139175400e-16 9.562644752304219464e-17 -1.403308258486892849e-17 -1.462383360227061997e-17 -7.397488284094445604e-17 1.098115674285194964e-15 -5.576463496258390974e-16 -1.095609449834183552e-16 7.486157884914542829e-16 -6.577759551231860044e-16 -4.242602620828741842e-16 -8.045205018325527889e-17 8.453069592953699188e-17 -2.663788727456606610e-16 -4.604971224692573646e-17 -5.583239914014142971e-16 -4.388463472570828825e-17 4.835933422729683210e-16 1.488727067015424509e-16 8.486045918252139879e-16 -5.583121731878405586e-16 1.450267875437345703e-16 3.649327352078934903e-16 3.189609728322577313e-17 9.996060601221907142e-17 -2.633720378226499463e-17 8.400221568785886236e-16 -4.424723179241872806e-17 -6.851819849968241057e-17 -3.138910474901407718e-17 2.831106776802911579e-17 -6.662972389724840474e-17 -4.636704830177324917e-17 -5.685090806498145790e-18 -3.594489364567719748e-18 -1.059801990985015775e-16 -1.386637357966645756e-17 2.297981451227520095e-17 -2.630263852965701103e-17 1.594200356945934004e-18 -1.858693759055231126e-17 -5.184478695849382954e-17 -7.087422139138020277e-15 2.055316892745793261e-17 6.195768868620445821e-17 -8.794742586610353171e-16 1.895812064673955463e-15 -5.027081694767692417e-16 4.769751919523209806e-16 2.052176536654284540e-16 4.798258359411938997e-16 7.406223242775402960e-17 -1.493301647950285924e-16 1.539283418107870577e-17 1.613748202609624520e-16 -4.916937385559185491e-16 -2.706953800872751671e-16 -1.227587668880588499e-16 -9.721559200788225369e-16 -1.486151015064558123e-15 1.711333370563810354e-16 -1.471514183559651965e-15 2.691437986859523116e-16 1.877397973936213247e-15 1.808201522810648099e-15 -4.504916228861660039e-16 3.131343847905819547e-16 -1.167969867194730076e-17 -5.622887574437598763e-16 -2.545401798810474251e-15
-2.907866034184486226e-16 6.819485852550776393e-14 3.304216825664117203e-15 4.604752616860860608e-15 -1.758260310320018625e-15 -4.795442028901693523e-15 3.452189806691361395e-15 -4.679485576226209973e-15 -1.068736096743498169e-15 5.847124561880101079e-15 1.181768248690290518e-15 2.810097723333688087e-16 -1.336278501444160684e-14 -1.248468641703102573e-15 4.944845859428930802e-15 -4.176297201651858319e-15 -4.652456518886671243e-16 1.317922850715052323e-15 9.308461499574474941e-16 1.594871680703023208e-14 1.181320549908965978e-15 2.247311367833975286e-15 5.368239746666566367e-15 -3.710200040128982123e-15 -1.362371367481937095e-15 -3.577195294543744040e-15 1.053395180327760981e-16 4.078460882001617551e-16 -1.065384542208503016e-15 3.490758367068678315e-15 -3.021274903324056122e-15 1.904890047552389897e-16 -1.240813313168013899e-14 -3.600198955381098188e-14 4.635229983677866941e-15 -1.725961378232337339e-15 -8.535844508089248975e-15 1.421147403102135856e-15 1.670912126001770697e-15 -9.956884827629223017e-16 -8.765035928659292313e-15 -4.199864533211664501e-15 3.376649008691286891e-16 6.068707790914242223e-16 -9.084340019221100053e-16 4.971156305006432350e-15 -5.805288861023023535e-15 -2.635314789126261198e-14 3.723177212360431568e-15 1.873797490686268614e-15 -4.143616646854898229e-15 4.396064964915635842e-15 5.437983708266491755e-15 -9.096045034759766235e-17 -3.229696096575810316e-15 -6.844794076518518190e-16 1.395005199155613679e-16 -5.111322798438900164e-16 -9.352883749103664243e-16 -1.107598026960981847e-15 -8.025032133735333030e-17 -3.222851222196765492e-16 -3.349456651298581057e-18 -1.813693865611754915e-16 -8.121449515629140189e-16 1.151548375791474986e-16 2.670692653305440993e-17 -3.242250046400805671e-17 6.533361879925654428e-17 -3.593748088526924158e-16 -4.907963437338766409e-14 -1.509517868916903899e-16 -3.198638543961878880e-15 1.120834650449094552e-14 -1.023210372780218547e-14 -3.040089448410618198e-15 -6.966767403832100458e-14 -7.033797265422031481e-14 -5.446335165313441405e-15 2.109192841143782585e-15 2.993943565782422264e-15 -1.832440879100452928e-15 3.625256819501068201e-15 3.534220610982699074e-16 1.683545731091759958e-14 -2.320422481463515156e-16 2.338676961328175096e-14 2.131871629614832205e-14 -3.305009968338730761e-15 9.887468258099106360e-15 -2.059588043816078226e-14 -3.707153418758536299e-14 2.315860931596323897e-15 2.213220539297734881e-14 -5.436529692410389016e-15 3.181911796484200753e-14 -6.363412361880874592e-14 1.117902428835741172e-14
-3.889258060069830109e-17 3.304216825664117203e-15 6.103325436410643192e-15 3.081825091648689240e-15 -1.262299331932522399e-15 5.454906578085366099e-16 5.472813185934502727e-18 -5.327522993739430341e-16 -3.230752217407589367e-16 -9.328115135882800772e-17 1.455825493188187912e-15 2.435599371072263219e-16 -2.116052837174303414e-15 -1.133799692427305688e-16 5.422779071917592969e-16 3.655754178837641810e-17 -4.108632329750682524e-16 5.446194987334849546e-16 7.392811875977220553e-17 5.382910421681172695e-16 2.205369938655541984e-16 -2.851302081297339273e-16 5.056301561655468842e-16 -3.926826857326230731e-16 -1.240755290470860307e-16 -1.500019253695860676e-15 4.687924624729815352e-16 5.300073686721123987e-16 -1.252524095295407840e-17 2.282986072431628995e-16 2.185483844980397239e-17 -1.146173934216888882e-16 -4.909269826331062586e-15 -3.679944439912213573e-15 2.701704493828112889e-15 8.916550074214096229e-16 -4.369479652448007577e-15 6.812951137372788769e-18 3.056980382625316627e-16 -2.866191890294270649e-16 7.839159836673909390e-15 -1.239713530273931913e-17 -1.164851340688657368e-15 -9.578508835200062599e-17 4.710910320303325578e-17 -4.042583255718981747e-15 1.245302823569947010e-16 -3.065707128591916414e-15 -2.148034647304876705e-15 1.793996080891440708e-15 -2.464873115671180989e-15 1.058125350384615196e-15 1.720879176615136123e-15 9.764398235113020583e-17 8.210538410420484247e-17 -8.731778203400120111e-17 -1.339716666727568517e-16 -2.422046517081229065e-16 8.103751754222348137e-17 -1.756876853424752341e-16 -1.551252855331135105e-16 9.849552509515695335e-17 -3.381717163307043333e-16 -1.314730654412744527e-16 -1.547235625070457133e-16 -3.784572878945686865e-17 4.027251482309532511e-17 4.926388441121435001e-17 1.564613277884229013e-17 -3.175013860847634484e-16 -1.927755906880492640e-14 -1.183463154859302231e-17 2.181150141588620246e-15 3.356857271416219480e-15 -9.184831922519084760e-16 -2.650569951939277279e-15 -8.770313887522754701e-15 -7.019280839035181094e-15 2.759037477430812187e-15 -3.193184355987320813e-16 -3.981467752488392304e-15 1.631656330402186377e-15 -4.497694607515634712e-16 -2.009786192413858125e-15 3.303816120282250112e-15 -1.007532154418127944e-15 1.678209505646568541e-15 4.700201382484455773e-15 1.492235684088312815e-15 -4.389217005972523209e-15 -6.002966708227496994e-16 -2.665963298867844019e-15 -3.966605369010459215e-15 6.035628554573188075e-16 3.544418461899220886e-16 2.213257577052331335e-15 7.595175331208826533e-15 1.073778710929308027e-15
-1.483889492493264687e-16 4.604752616860860608e-15 3.081825091648689240e-15 6.934343152937422830e-14 -7.592729222991024462e-15 -1.165961377285517463e-15 -5.541818432457564881e-16 -9.423527799657605882e-16 -1.039942727407906795e-16 4.893051044204985103e-15 2.108231035270211833e-15 1.505611558192948376e-15 -3.949730714326303575e-15 -2.208256059160766020e-15 8.855870205733325723e-17 2.328852190502894456e-15 -5.799385717995174434e-15 8.671600418712007139e-16 8.434792416635905923e-16 8.967069058197714099e-15 -5.961117391607076308e-16 -1.026461149664978967e-15 1.272182202635312418e-15 -7.101076747343205615e-16 -1.851043752715390497e-15 5.961228888288140517e-15 -5.797129965702817281e-16 -3.293709214857081847e-16 -2.078168278535961248e-15 -4.762085292881338615e-16 -2.899943130127466879e-16 4.520026082604013156e-17 7.238688526247469492e-15 -2.095248578211325953e-14 3.510974252853139065e-15 1.964930463750793078e-15 -1.483182565268439530e-14 5.722021137671435481e-16 4.749685215552774113e-16 -4.351403079805376777e-16 1.444212388814130858e-14 -1.174908372105903327e-15 -5.718256954241285523e-16 3.489177078393228744e-16 -1.740576861226668894e-16 -2.763219689535955352e-15 4.338947537102920632e-15 -1.241755753545781801e-14 2.510995178991390903e-15 2.136793115114804100e-15 -3.182569336364465970e-15 3.784352336043107250e-15 1.694569878711377286e-16 -2.067994479072274565e-16 -1.265252869404501126e-14 -4.096028410329504646e-16 1.300478877467656740e-16 -5.325383223848377245e-16 1.094705546815967745e-16 -3.010746919576628337e-16 -7.941183040311572091e-16 -3.517108331059315533e-16 2.184270825739996289e-16 -3.674660570110218594e-16 -5.816004075674885785e-16 1.124262192668113753e-16 5.539501302433100302e-17 1.588848129630745662e-16 -1.619049276190129211e-17 7.329972278554316200e-16 8.385864342498331323e-15 3.351666106267737045e-17 -9.712082371770990960e-16 8.262663600611781536e-15 -9.229996925261846857e-15 -5.947581408721025379e-15 -3.040867765372087679e-14 7.108179462730904285e-15 -2.530395960732141999e-15 9.561886184700398863e-16 -4.235313909913385314e-14 3.447900374134615454e-15 -1.483318554120483274e-14 3.965727021904725853e-16 1.174975161478708504e-14 -5.852470838725461167e-15 8.764469979554131290e-15 1.574133477163565780e-14 -1.730780782621595168e-15 8.408156682432108211e-15 5.394971025055544479e-15 -1.587544312613000863e-14 -1.286301028627204599e-14 1.963979537943641667e-14 -1.900330561952322425e-15 7.341906369075886608e-15 -3.802016089866886777e-14 -4.368678910069605952e-15
7.957349847643173073e-17 -1.758260310320018625e-15 -1.262299331932522399e-15 -7.592729222991024462e-15 3.133146680661760668e-15 -4.923102832495443293e-16 1.714817111668417744e-16 1.244808571726363043e-16 3.328732283796628226e-16 -9.143361644086916414e-16 -7.202390161204240983e-16 -8.214291023867122593e-16 2.300672373257693738e-15 1.563107181798008050e-15 -7.344785413148872821e-16 -2.739166709930504803e-16 7.606779027714942213e-16 1.050224131103637834e-16 -1.203390686944078568e-16 -1.496544732139559388e-15 1.342861895366866860e-16 -2.251028091505245377e-16 1.365536164460610340e-17 -1.161022040613983565e-16 5.843729563980702056e-16 6.717787566661278442e-16 -3.248571773940028631e-16 1.793507590977860262e-16 8.035291405848607062e-16 -5.020838563843348885e-17 -3.799059854906700311e-16 4.767369636213439591e-17 -2.832517269230119702e-15 3.845519268168801749e-15 -7.530735458318618911e-16 -9.686837481487790389e-16 5.164273909510784641e-15 8.918197292074401207e-18 2.495570554477189378e-16 1.100957550033678118e-16 -1.281692354453064686e-15 3.346985109327640413e-16 6.400755459515964543e-16 -1.079903714047230490e-16 -1.858846019319988586e-16 2.191250124406299177e-15 -1.607179679655813947e-15 2.586889196934867799e-15 -1.039881998355432565e-15 -3.218646195834323101e-16 1.407613662305157017e-15 -7.570012600216459926e-16 -4.752335384025920541e-16 -8.215743494734595660e-17 1.262104490375302861e-15 1.382273798008213070e-16 1.130254053054088539e-16 1.394932015577321396e-16 -2.556740647615944794e-16 1.721990849454816599e-16 1.869114624385920320e-16 1.206289014909567504e-16 1.520128838215347105e-17 1.751279789571530662e-16 1.043804410459113931e-16 3.012061355192812354e-17 -3.470018947793140142e-17 -6.686724334559245935e-17 -1.095986907795300929e-17 -1.278617084465493282e-16 1.410284206979864230e-14 -5.453157646177530751e-18 1.181491427671735349e-15 -1.884543212401303506e-15 1.830399804349522217e-15 1.258750383993473362e-15 9.089300157956404127e-15 -1.160535374993455772e-15 -5.354790397475869449e-16 -6.059764898819576928e-16 7.163076014022775241e-15 -1.772334851086152468e-15 -7.707287432881335334e-17 3.653904499518476592e-16 -5.426539852024649424e-15 1.562214839574171023e-15 -2.797588661893030315e-15 -4.013176533357372388e-15 -1.552506436893818679e-15 1.901598507579212924e-15 2.287385042346875772e-15 4.704776826509866836e-15 7.408405056437253410e-15 -4.337164991720803374e-15 1.495858673039328479e-16 -1.840027325019453046e-15 1.062947506537441983e-16 1.553526687313764167e-15
4.685771249045190751e-16 -4.795442028901693523e-15 5.454906578085366099e-16 -1.165961377285517463e-15 -4.923102832495443293e-16 2.160384349938079131e-14 -5.095303612708742382e-15 3.606035757871791815e-16 -1.750830102207965492e-16 -2.132111058460674076e-15 9.414281991934679442e-16 1.111261301205617895e-15 -1.007421591876310020e-15 1.245166101952853756e-15 8.199469641691421083e-16 -2.238237337882195955e-15 8.675143299876354720e-16 -1.127302081894544341e-15 3.068749965099681574e-16 -5.081547994300389510e-15 -9.149976752301506647e-16 2.627337403894755666e-15 -1.759669200527965673e-15 1.528842346360894498e-15 -1.271533941303037737e-15 2.469800398654740457e-15 -8.929823528568679903e-16 4.492590730022075844e-16 -2.559626766416378784e-15 -2.469939598768332468e-16 6.092099840867374515e-17 -2.398193550512879275e-16 -1.382742241527739636e-15 1.057705322716938837e-14 1.168141690058199966e-15 2.616740575933525267e-15 -5.288530326609237505e-15 -1.428320757495236431e-15 -1.558380470177147400e-15 -6.667429835671268746e-16 9.540388195288071423e-15 -2.131056615702902459e-15 -1.608276768682778366e-16 -5.701582265471685409e-16 7.645443317725704581e-16 -1.397304707995478196e-16 1.392671183046208071e-15 2.925362181465280607e-15 -2.621356643339325002e-15 -1.722734674876729476e-15 9.359286881961338997e-16 6.230367503026359908e-16 1.056070844946921362e-15 2.989081147280770367e-16 3.372819799032427276e-15 2.102723241884191991e-16 7.438186167648031601e-17 1.492313282748435557e-16 2.775567021927187290e-16 2.389127664787857512e-16 1.233227792774197909e-17 1.521461818374077845e-16 -1.337531193768390907e-16 -2.427882153259829803e-17 2.385479048432473561e-16 -3.382127098898565607e-16 2.509243104910541357e-17 1.271918648837547009e-16 3.149738321002045473e-17 2.825978144760464220e-16 -1.916435917629230466e-14 7.012033621466288414e-17 -1.176748310029537861e-15 -1.159407228495674583e-14 6.824592484060278394e-15 -3.614282634370848176e-16 4.438804933616593726e-15 8.841163847428075581e-15 3.520486995408338354e-15 -5.440671164240870179e-16 -2.335253459295977930e-15 1.887270532097790887e-15 -3.263458308700005241e-15 -2.379764493911590287e-15 4.036743924208616791e-16 -4.347519206178862136e-15 -7.160925349998790119e-15 -8.278101415582904996e-16 1.955848395956761975e-15 -1.225740843060222195e-14 -3.356719992427077150e-15 1.148231019915644833e-14 2.938318238822126844e-15 -8.652950570930906568e-15 3.173323138329189731e-15 3.910933222763360859e-15 -8.296824054482199442e-15 -1.082794629472612114e-14
-2.275035722571040047e-16 3.452189806691361395e-15 5.472813185934502727e-18 -5.541818432457564881e-16 1.714817111668417744e-16 -5.095303612708742382e-15 9.260732984142193798e-15 -6.362757009478982636e-16 -5.421249069627768740e-16 1.230714254973459423e-15 1.181710429621605264e-15 -2.635779659171019496e-17 -1.395020571494493467e-15 2.980246275841785722e-15 5.232538838570755059e-16 -1.485345579859516173e-16 -1.158154964764682583e-15 2.126028158999995289e-16 3.290826439989781412e-16 1.262586513631678860e-15 -3.607758728830207835e-16 9.054801015205761890e-16 2.457791770680035201e-16 -5.360103247523814404e-16 -1.742349829214627815e-16 -7.149365656508786455e-16 2.046812173312759472e-16 2.431133503595488067e-16 -2.180449951024948209e-15 7.374081163467927692e-16 -4.376093089174497309e-16 1.036421169006022291e-16 2.639694134343255596e-16 -2.589848316280091666e-15 2.508433532033564861e-15 -7.104398257914490545e-16 -1.362532055018915997e-15 2.514149334300204411e-16 -5.279997362445811285e-17 -2.739144624308100286e-16 -1.284190319148117598e-15 -1.579046173595066771e-16 -5.542432650668715546e-16 4.057496905251143264e-16 1.609188316604960307e-18 -6.928731515056503743e-16 1.331736748787374075e-15 1.366342763761998552e-16 -3.937417129433349000e-16 6.607902434331820866e-17 -8.853504702999781581e-16 9.643047447224373619e-16 9.100251490499722517e-16 4.257581833236300451e-17 -1.388104766614338509e-15 8.703418034439220958e-17 4.629106404384023068e-17 -3.246913535459830763e-16 -1.532900809867411609e-17 -1.531263773880387189e-16 9.694348274727888353e-17 -7.728439497143331829e-17 -1.940849222175744262e-16 -1.127503803758475902e-16 1.744224356460676522e-16 -2.425236078515199321e-18 -1.941389523145512272e-17 3.090099666999665781e-17 2.208171070694573970e-17 -5.986005727145832068e-17 -1.237501782566788916e-14 -1.089789039524418100e-16 1.645950078558539848e-16 -2.467716464889423827e-15 1.156248137845456729e-15 -1.705132668786507372e-15 3.926151768844677987e-16 -6.515932374333276578e-15 8.432337464158391722e-18 -7.826140164595656101e-18 4.078037988245402819e-15 -7.940486997164505468e-16 -3.000641403889056975e-15 4.176568646926871933e-16 2.963418999333395056e-17 -7.753070312811108126e-16 1.821449106139553565e-15 6.011000525235176750e-15 2.173742683879106757e-15 -2.135540063971295773e-15 -3.200518661201872221e-15 -6.444139767824456390e-15 -1.385839322601663243e-15 -2.602718277929820461e-15 -1.221470135596286283e-16 5.978976077987425611e-15 -1.293493713117681248e-14 -1.877368696341856949e-15
-7.613281312050290406e-17 -4.679485576226209973e-15 -5.327522993739430341e-16 -9.423527799657605882e-16 1.244808571726363043e-16 3.606035757871791815e-16 -6.362757009478982636e-16 7.932676949034942190e-15 -2.498254976524077602e-16 -4.270767645409952282e-15 -2.161252152113897721e-15 -1.137113076811087466e-16 4.791677119598015730e-15 -2.302622181680424730e-15 -1.897656150713068784e-15 1.624249320763226860e-16 1.638310567561381945e-15 2.885497248980549877e-16 -1.314661569457403583e-16 -2.942024490078958675e-15 -2.487802863761647130e-16 -4.252414623748275121e-16 -2.223545031970216516e-15 5.650010970958462551e-16 2.231123409671674446e-16 2.421511994295927554e-16 1.204283954558994159e-16 -3.315179542961073861e-16 3.743548695611948688e-15 -1.335074024962967993e-15 7.702988272928444634e-16 -5.320577080928400565e-17 -1.511211116978309868e-15 6.060722948795972509e-15 -2.076967143789142564e-16 1.692256697270687023e-15 -4.554568909175031719e-15 -3.713348593056343994e-16 -3.424971156907593668e-16 1.120447556135858473e-16 4.038532567401291909e-15 2.141041459332879375e-16 4.453281403502906480e-16 -6.969323406097695751e-17 2.657197259309909181e-16 -3.998099301606902221e-16 -5.208592266997372820e-16 1.373094595702107854e-15 -2.809527477477586864e-16 -9.484515090984524677e-16 4.542049305399381782e-16 -1.074732141487390750e-15 -6.231722966887434398e-16 9.526213333798229206e-17 1.835182706235838447e-15 1.999060698486574072e-17 -3.332418344870508211e-16 3.129581703364110596e-16 2.152809476126736900e-16 3.266673442895233967e-16 5.787040320424363485e-17 2.115615593632059827e-16 1.240627357939147811e-16 -3.979857808057440249e-17 3.183996574094886333e-16 -8.000062719030105160e-17 4.266802832755547807e-17 1.824921240269159838e-17 -8.806558441889025220e-18 2.169481715058888407e-16 -5.138774544165080316e-15 5.610662754649221203e-17 -1.508736207273366209e-16 -1.272048089427878215e-15 -9.560118194184152515e-16 7.574706944514226095e-16 5.926925303187238175e-15 2.296094581268296807e-15 3.152261120906643227e-15 -4.038670467069839991e-16 -3.725600694959534104e-15 8.549579547920248747e-16 5.772391208526048589e-16 -7.017840786583526957e-16 -3.723578203715510390e-15 -2.459689273374128852e-16 -7.541734167509074286e-15 -2.366742125152630276e-15 1.523077619422766736e-15 -5.129348611634745281e-15 5.378757906162573743e-15 7.580939111680427401e-15 -3.891801846404980516e-15 -4.477422530712212447e-15 1.394785096891965958e-15 -4.555460908883791704e-15 1.222026223000417533e-14 -2.564690173985782673e-15
-2.895370016974585354e-16 -1.068736096743498169e-15 -3.230752217407589367e-16 -1.039942727407906795e-16 3.328732283796628226e-16 -1.750830102207965492e-16 -5.421249069627768740e-16 -2.498254976524077602e-16 2.085513219194052814e-15 5.127487050445170341e-16 -1.082078747037764835e-15 -8.759383406692800380e-16 1.538373442463873089e-15 -1.045008928846862249e-15 3.995953386983397190e-17 3.138194984645227074e-16 4.605650226659856198e-16 4.889857804862481102e-17 -1.954641419346416993e-16 -4.746509046082486831e-16 2.220240583515807369e-16 -6.456450402667606664e-16 2.028878431118150510e-16 -5.042545482240329364e-16 -2.624139308402115994e-16 3.385179821912682355e-16 9.659908121656083911e-17 7.866108196875030832e-17 -8.940889605164089471e-16 -1.398790270877224084e-17 2.111745048347863119e-16 2.607518361987698188e-17 -1.157656797141514533e-15 -2.164701974287639957e-16 -4.752191625513192594e-16 -6.584668748810303085e-16 2.537920194564227708e-15 1.131990352447789749e-16 2.093416826676049955e-16 1.855784786451545460e-16 -1.281027991373190884e-15 6.381773159667967050e-16 -5.496597978215778451e-16 8.928058098038945496e-17 -2.502563142335449282e-17 -1.646543412606879861e-17 1.268234699222699598e-16 -2.982618722276661690e-17 3.827398807473284682e-16 4.048311630017977753e-16 2.793407064239519551e-16 -7.203920420967462212e-16 -5.910262187257485934e-16 -3.334580183778415022e-19 3.206768347927065277e-16 1.253753080607235245e-16 2.318298414353617752e-17 1.131034943866466100e-16 5.591004204803583763e-19 3.625304562412582258e-17 -5.094077242908094056e-17 -4.500549084108160675e-17 1.508032202545186910e-16 8.876016586771925647e-17 -2.202912735301855233e-17 -1.709566147750158547e-17 5.925282088928442279e-18 -2.547098051754813436e-17 -6.641782508050017045e-18 -1.072038457410277025e-16 5.841953421408087897e-15 9.685778676856322755e-18 3.881330522991147468e-16 1.301012056328579064e-15 -9.877884028526698477e-16 7.078972699690871284e-16 1.194577295819822188e-15 2.350675565247617303e-15 -2.318133886153793041e-16 4.652667306405788438e-17 -6.272584737066683035e-16 -3.011697366769483533e-16 7.939413081177527352e-16 3.289829908614645837e-16 -5.540335970115266728e-16 -1.650154778894183687e-16 1.949264775676891096e-16 9.182310164581694946e-16 -2.271239039588273357e-15 3.152802283559400218e-15 3.225184419487073639e-15 -3.524685778800733774e-16 9.150739272068764258e-16 1.965911230709083604e-15 -7.674302961547641995e-17 -2.396627709549585739e-15 7.609809653551577775e-15 2.761878180159605254e-15
-7.041827917166718952e-17 5.847124561880101079e-15 -9.328115135882800772e-17 4.893051044204985103e-15 -9.143361644086916414e-16 -2.132111058460674076e-15 1.230714254973459423e-15 -4.270767645409952282e-15 5.127487050445170341e-16 2.282764632839837723e-14 -8.935364161072712927e-15 -4.491961125497188382e-16 -7.446840289645919860e-15 1.369373636314674505e-15 2.576227096339743563e-15 -8.262072411432423420e-16 -6.475815104459029637e-15 2.043592808181284712e-16 4.745821322282070698e-16 4.699594533656351642e-15 1.157501460589727522e-16 -3.857175227101303452e-16 1.733580665206710092e-15 -1.209061436213881516e-15 2.832747383892524297e-16 8.707114537950200324e-16 -5.781605554880380043e-20 6.107426417005785722e-16 -3.036548031523625248e-15 9.376925011213632145e-16 -4.912160027212647875e-16 -4.758170892271156262e-17 -1.448903469973009817e-15 -9.668421626543254047e-15 -1.746179976817610775e-15 -1.538183174020604435e-15 3.061942650084597571e-15 1.343963156921244973e-15 1.260853973595614193e-16 -2.444778475998399359e-16 8.311699848661326290e-16 -6.370142916373814752e-16 -6.998279344585821317e-16 5.020404659996205618e-16 -7.596224684091332570e-16 2.297925984179830174e-15 6.320441176035448564e-16 -2.314726084486085481e-15 1.737737096005444878e-15 -2.832881890725325308e-15 8.896935565572226859e-16 2.476939909604350352e-15 1.353287727278580905e-15 -1.165924189151911670e-16 -7.843856565898355044e-15 -1.659728682730854455e-17 4.417957759251459172e-16 -2.457042160235147890e-16 -3.023221357126860902e-16 -3.971627662547014371e-16 -2.095662538578524767e-16 -2.465281231409645008e-16 -1.244902968398779633e-16 -1.222643759151209428e-16 6.961890550458736924e-17 1.241142384940794809e-16 -1.023638064484702728e-16 -1.415174004726413322e-17 -6.063900374908315872e-18 -1.303431189617139912e-16 -2.123074391254288053e-15 -3.200235451119505784e-17 -2.163005179347349043e-15 2.248771153609777257e-15 1.485293317451489705e-15 -2.549855391590506903e-15 -1.258841965988978392e-14 -2.604992319748187444e-15 -4.939744549756544160e-15 4.444310584803154872e-16 5.636635292365803401e-15 -6.858547664248054844e-16 -1.735990782865437537e-15 1.503320493666275876e-15 3.799893696083515865e-15 -1.448334166016395851e-16 6.763314258093674104e-15 7.461573721992070603e-15 -8.154977430692387265e-16 5.622357277629485415e-15 -2.700160637350644534e-15 -5.577281335374252510e-15 2.360667529115280475e-15 7.237259467465499250e-15 -2.295537105344590568e-15 5.994453184747854446e-15 -2.409407321139040923e-15 3.853716391009999021e-16
3.351788132088390248e-16 1.181768248690290518e-15 1.455825493188187912e-15 2.108231035270211833e-15 -7.202390161204240983e-16 9.414281991934679442e-16 1.181710429621605264e-15 -2.161252152113897721e-15 -1.082078747037764835e-15 -8.935364161072712927e-15 1.440190370844092381e-14 8.152379763460693345e-16 -3.211962764323332203e-15 3.454475349377585321e-15 -1.362661464393738377e-15 1.040006637507509094e-15 -3.387508928321208829e-15 -4.984729510208484828e-16 8.644443727233855908e-17 -1.277803713291501320e-15 -9.413662555517409868e-16 2.310346766673690243e-15 -5.620040812459652880e-16 5.098234284084155792e-16 -1.276302815602264277e-15 8.052729182708259033e-16 -7.677297227417181279e-16 -1.580640767388459153e-16 -1.654637506801627019e-15 -7.719299902626142401e-17 3.568167557174572989e-16 -6.542398319724206613e-17 1.122516049764649134e-15 4.084244671642115961e-15 2.766722385599405787e-15 7.757783069223654423e-16 -3.280808822830232136e-15 -1.012148979178339516e-15 -4.301823034148425346e-16 -3.859326709775847382e-16 1.122803580423793205e-15 -1.632581076316709626e-15 -8.317870756857897070e-16 -2.259434566312535155e-16 5.467600414012580896e-16 -3.135880035238076625e-15 2.245764905972778240e-15 -5.539185414624711082e-16 -6.583192058551203515e-16 2.645368322099127450e-15 -1.410520759613158737e-15 3.339385189071546798e-16 2.306714349739503113e-15 -5.760084262284266296e-17 3.946041140014826161e-15 -9.227737347797453979e-17 -1.874485888795212987e-16 -3.482256506901830190e-16 2.414913274326984927e-16 -1.043942222380204621e-16 1.059574546421920135e-17 -3.512856273943977070e-18 -1.416720667349857092e-16 -2.579484877401466706e-16 4.968346309301781590e-17 -6.923178564925063617e-17 5.892740864046037827e-17 5.262877062575294061e-17 3.690663909624700694e-17 1.306385016748601333e-16 -3.207179343872828505e-15 1.001244199787218048e-17 4.716167886219491850e-16 -5.207620239486099679e-15 4.263658646373944633e-15 -1.307698054303701306e-16 3.672285350465356552e-15 -1.476315424280595863e-15 1.506802555371829867e-15 2.125603137228295246e-16 -2.918380074740301754e-15 6.857129842162988453e-16 -1.020637207368377833e-15 -1.290495323469228843e-15 2.157451247184680221e-15 -1.854254102422551369e-15 1.966614770766714967e-15 -3.958173461590211404e-15 3.672861621187801268e-15 -8.391788233077203761e-15 -1.758619352992342573e-15 -4.206120833809521772e-15 -4.489321373813031461e-16 -7.001524206913798897e-15 1.969433162228637724e-15 7.861213267196601730e-16 -1.143119716983244177e-14 -9.372063754445159809e-15
1.234777886963234310e-18 2.810097723333688087e-16 2.435599371072263219e-16 1.505611558192948376e-15 -8.214291023867122593e-16 1.111261301205617895e-15 -2.635779659171019496e-17 -1.137113076811087466e-16 -8.759383406692800380e-16 -4.491961125497188382e-16 8.152379763460693345e-16 2.952483524421382716e-15 -1.491569208941199611e-15 -5.328055299743412047e-16 5.323386332424222789e-16 -2.344464587148746765e-16 8.018006866201954819e-18 -1.346590388069822616e-15 3.292338763903378320e-16 -2.752632357748810764e-16 -7.369400785873029460e-16 7.410998252628884729e-16 -1.038538308729517245e-15 2.726373373636358423e-16 -7.255757348045204919e-16 2.575790677920048088e-16 -5.016020499543126094e-17 5.088184796950809586e-17 7.645256390177915220e-17 2.104616300449651697e-16 1.244926863779102331e-16 -3.678727865356967905e-17 1.235986702118611189e-15 8.420030271480885806e-16 1.045702194345973775e-15 1.538684930292133423e-15 -2.929783830296200065e-15 -3.710713496050083580e-16 -7.809839974614076345e-16 -1.665538342537464725e-16 1.673822238557212888e-15 7.391213959988167411e-17 -5.951301200904482741e-16 -6.128842022156748025e-17 4.635076430846434956e-16 -2.131837400059248208e-15 9.644831413079204080e-16 -2.440526881765042363e-16 -4.891414336847812547e-16 -5.951432830130960808e-16 -2.912332231970169487e-16 1.006637713873702700e-16 1.321935869846848270e-15 1.234073637020285199e-17 1.212786021876027450e-15 -9.291885353954931325e-17 1.384097291833704229e-18 -7.300088374632757303e-17 1.537253131969974278e-16 -2.349518878239595366e-17 9.500981294063674644e-17 -1.403655542436974676e-16 -1.855230631109849452e-16 -9.112879166924063040e-17 -1.195579557303714514e-17 -1.345641015814068142e-16 2.392536262135893907e-17 5.927447111984950826e-17 2.290504589682042802e-17 1.139574856287899501e-16 -1.858346048608445571e-14 1.447348333939534033e-17 -5.796730691817740924e-16 -2.952521679544080005e-15 2.242525280303122010e-15 1.162893168841270832e-16 -6.322652721663962257e-16 -1.145776704312044122e-15 1.741885189819170271e-15 3.102351830139097900e-17 -2.979152296762123849e-15 9.528238576842028326e-16 -9.098892849323181112e-16 -6.964971166446138667e-16 1.193357624205514874e-15 -1.149464992455111679e-15 1.239152424798714633e-15 -1.017028307395576106e-15 2.920190582987156832e-15 -5.315153379273800466e-15 -3.088764972178951376e-15 -1.645668143049545273e-15 -3.280872025281337019e-15 -2.822753476853457225e-15 9.863747619836899682e-16 -1.469103223217928072e-15 2.310220508708909029e-15 -3.937901266348007212e-15
-1.115566734252476686e-15 -1.336278501444160684e-14 -2.116052837174303414e-15 -3.949730714326303575e-15 2.300672373257693738e-15 -1.007421591876310020e-15 -1.395020571494493467e-15 4.791677119598015730e-15 1.538373442463873089e-15 -7.446840289645919860e-15 -3.211962764323332203e-15 -1.491569208941199611e-15 1.339710602338209418e-13 -3.102439768443479322e-14 -5.064813464189436470e-15 -1.320254520929011986e-15 1.909886932780759658e-15 7.073728691399426928e-16 -1.130878038229820687e-15 -8.134477675884359837e-16 2.034382713773722468e-15 -6.893565544193764955e-15 -7.869516513423851735e-16 -5.345993274485670306e-16 9.191680252922767770e-16 -2.223652728966577280e-15 7.849757108986180524e-16 6.453491915032141666e-16 -2.038140873148789789e-16 1.394769063548400830e-15 8.988592360297124811e-16 2.643182048282394430e-16 -2.759541309482463100e-15 4.738084253589521329e-15 -8.840720557755122459e-15 -5.095189043831988920e-15 1.497700083275906789e-14 9.840940598152931902e-16 8.503319986164770970e-16 1.693539927145054123e-15 3.587589410951946551e-15 -3.972938436985904979e-15 3.401585938877643474e-15 6.289826776471875688e-16 -1.218630526624407484e-16 8.990159380697253096e-15 7.941150911460582183e-15 4.179723555163107302e-16 4.176530009906692787e-15 -5.857379322673961439e-15 -1.732505529538428255e-16 -3.629751188211927489e-16 -5.837430217009773667e-15 -3.486976816991369698e-16 -6.502945812743767541e-15 -7.299450879727427017e-17 -5.992934418819508932e-17 1.183941377734820832e-15 -3.930143206163031649e-16 6.317488831109213615e-16 -3.608294645739442475e-16 8.057306003990717847e-16 4.974982022651626426e-16 2.815733265298935197e-16 7.942908389157110620e-16 2.896945904263396215e-16 -9.726126750908646505e-17 -4.992446791253105953e-17 -3.816874269587094357e-17 2.798827002469045207e-16 3.480391847286103167e-14 -1.250899483327896226e-16 7.403646380853844283e-15 7.359405023402850435e-15 -1.216124429422530506e-14 5.556686092707238776e-15 2.284526149292577911e-15 2.686092749475177355e-14 -1.216704228911091843e-14 4.067401779651610883e-15 1.829817139854737204e-14 -6.121842060542784148e-15 4.445534952932770448e-15 3.471533092679588587e-15 -6.233070450198010447e-15 5.403942584781910858e-16 -2.460207227976685671e-15 9.055572752859059153e-15 -1.246374551563978025e-14 2.905444691238427448e-14 2.564448449811197080e-14 -1.139206805596673178e-14 -1.132087399652663889e-14 1.658165402896627117e-14 -3.406286185714081500e-15 -1.472813283386698122e-14 -2.008524360005130505e-14 2.490457645444345896e-14
2.491428185714311547e-16 -1.248468641703102573e-15 -1.133799692427305688e-16 -2.208256059160766020e-15 1.563107181798008050e-15 1.245166101952853756e-15 2.980246275841785722e-15 -2.302622181680424730e-15 -1.045008928846862249e-15 1.369373636314674505e-15 3.454475349377585321e-15 -5.328055299743412047e-16 -3.102439768443479322e-14 2.982583810067258188e-14 -9.728149553515184113e-16 -5.305765312831203928e-16 -1.070907185418271994e-15 9.133534261545424222e-16 2.554419163385731205e-16 -2.817073359607339383e-15 -1.809130944966870309e-15 3.093153078313954590e-15 -6.090710885340986862e-16 2.708385291158522385e-16 -2.988729063934335813e-16 3.616649979805966360e-15 -1.018667374702355014e-15 5.952250167834973814e-16 -3.638883740424949108e-16 -4.019279211614068625e-16 -6.562854088087222133e-16 6.331601541713853018e-17 -5.917196930369701782e-15 6.471712650073741057e-15 3.609818139822093222e-15 -3.373605897552446289e-16 2.615700320866532766e-15 -5.306049270049781551e-17 1.637645462757720044e-16 -7.121849017425120661e-16 1.895294033233701524e-15 4.248872558441256789e-16 -3.460529352124626125e-16 2.125479557733548294e-16 -3.748046030047344136e-16 -1.998654869461196717e-15 -1.917123798148780149e-16 4.000425299295715498e-15 -3.774061710668312826e-15 -1.262199349014762820e-15 3.634846622703745915e-15 4.003800736637271602e-16 2.104971478534459432e-15 -5.721171498013707023e-17 -1.120028332493285495e-16 4.422994348068341562e-16 1.390543554529880573e-16 -5.908519969923946925e-16 -1.868391611041195701e-18 -1.548780350370294248e-16 5.759495527326194050e-16 -1.401542508124258751e-16 -2.338085607721534819e-16 -7.088089543353171561e-17 2.729545192297937842e-16 -5.738430831524795350e-17 -2.910200306024296670e-17 2.495958692343937846e-17 -1.404426822027268175e-18 3.238686657502453442e-16 1.738842986223682540e-14 1.445011780313470162e-17 -2.088777037920123784e-15 -1.424061434302831167e-14 1.049270699148056867e-14 -3.328151067280547829e-16 1.778608026613912189e-14 -8.613256664779087855e-15 1.605891269056296267e-15 -1.949405568376053965e-15 -3.720920833420693439e-16 6.639164652318068697e-16 -5.466316098249450730e-17 -1.299894716663366709e-15 -3.507816690389805043e-15 -1.885703274631342477e-15 -4.896658113916929199e-15 -5.924937913916999657e-15 6.698958823423303422e-15 -1.426327177260638067e-14 -1.065545094143549083e-14 1.040194128059519647e-14 1.204061855266012009e-14 -1.797857644221589787e-14 1.668941492120783899e-15 6.605675544252428567e-15 -1.476840995437655663e-14 -2.935465746673792770e-15
-4.331618405056566710e-16 4.944845859428930802e-15 5.422779071917592969e-16 8.855870205733325723e-17 -7.344785413148872821e-16 8.199469641691421083e-16 5.232538838570755059e-16 -1.897656150713068784e-15 3.995953386983397190e-17 2.576227096339743563e-15 -1.362661464393738377e-15 5.323386332424222789e-16 -5.064813464189436470e-15 -9.728149553515184113e-16 1.218100735107165648e-14 -4.057468971250325827e-15 -4.269418620301916213e-17 -4.111177907723200365e-16 4.144446208661489528e-16 4.873338355200896764e-15 1.024139791300003453e-16 -9.594363901811541421e-16 1.632068827578355312e-15 -7.113566403874266495e-16 3.063161359032889971e-16 -1.550099817966836758e-15 9.523846982688339439e-16 9.542046926974748575e-17 -1.010257613317932212e-15 6.444618471636398534e-16 -8.870536783583807675e-16 5.047949139851819569e-18 5.375395412291370329e-16 -7.355186198806160196e-15 1.296174229191834973e-17 -7.807600134533970634e-16 -3.743951321280418461e-15 1.368798398116767910e-15 9.716654991710295524e-16 -1.536113869727245988e-16 -5.042830712640426916e-15 -1.238494612454599766e-15 -2.838689365856914358e-16 7.237435216310281589e-16 -5.967868105512365382e-16 3.956185246330999417e-15 -3.639204026571481639e-15 -3.201784838799494169e-15 1.518188869174863257e-15 2.814600119702218418e-15 -1.509920673764643789e-15 1.151570094018618456e-15 -1.598761926496284956e-15 -8.166487426883825697e-17 -2.164760324565721064e-15 -2.571944572409646341e-16 -1.882453514596417833e-17 -1.939300646224243651e-16 -2.795174643514760368e-16 -2.409218529494561038e-16 -6.743271451762625880e-17 -6.266651118161511759e-17 -1.862872936138620433e-16 1.788964898015776429e-16 -4.505328141685500054e-16 1.584320582441157454e-16 -2.694838150961187840e-17 -5.373806887848259081e-17 -4.217935800875470861e-17 -1.070611568540374113e-16 -1.377499098205083014e-14 1.222520676846434608e-17 3.732292141121146630e-15 9.227762396076388329e-15 -7.711681438268560407e-15 2.177073106483689518e-15 -3.812451423831864627e-15 -5.395145695884975029e-15 -1.702603565499011169e-15 4.080685634866170855e-17 -7.418475568034700974e-16 -3.360756081006596791e-16 4.190080327083303928e-15 1.765537773885936606e-15 8.474225949228104521e-16 2.960005604616103359e-15 6.453341997339971770e-15 -4.297254409145925796e-16 -2.789683210383832320e-15 1.035094755435840399e-14 -6.611171124760786112e-15 -9.045359730368245763e-15 -3.521579308550281175e-15 1.027971990627321888e-14 -2.920966939612281542e-15 3.090472244266000718e-15 -7.459272029968637106e-15 3.569346495016939357e-15
