1.000640843103785924e-15 -2.809935751377584383e-16 -3.138718736947487547e-17 -1.263916066546876663e-16 7.467531860558583965e-17 3.436109250423761360e-16 -2.231314535571091351e-16 -8.307037124393463991e-17 -2.861956781338217677e-16 -9.243043257701115419e-17 3.533209531836401393e-16 1.110666222491337574e-18 -1.172169322913993412e-15 2.781966556017896661e-16 -4.406363556721642310e-16 -3.393349768637334640e-17 -1.917896285616103269e-16 -4.277290292594668241e-17 1.406090642299349032e-17 -6.986757674569825946e-17 -5.783461085891565182e-17 -1.202266622356832964e-16 -4.267803968341591251e-17 3.375397847912840174e-16 7.206780490295338865e-17 -1.919688192150082671e-16 -3.796370861089059892e-16 -2.805725164509383362e-16 -2.257547268608323116e-16 8.931333145310760557e-17 -1.801023716311914991e-17 -1.384595944352977792e-17 -1.590746117437821069e-16 1.035635776265316300e-15 -5.969009551626927225e-16 -1.204296235388308451e-16 7.537385027833006292e-16 -6.557110172834696856e-16 -4.228344425536823777e-16 -7.671275407549946900e-17 9.095971863050263938e-17 -2.743058956915584267e-16 -4.392713219700898928e-17 -5.538435296162786281e-16 -4.090797704981730450e-17 4.104318637804394850e-16 1.862872864055514008e-16 8.511306397641017671e-16 -5.644050655457227683e-16 1.385811244749682211e-16 3.587076004270923542e-16 4.575434590831774043e-17 9.977394421613121297e-17 -2.650576878964557202e-17 8.820605259595431731e-16 -4.362499450819799403e-17 -6.725575854521006398e-17 -3.079739137273363352e-17 2.830893064692487845e-17 -6.603992830874051804e-17 -4.711292682358517050e-17 -5.188077895892078173e-18 -2.617987925892294528e-18 -1.046847784614632371e-16 -1.316777019999707588e-17 2.263843547319200278e-17 -2.684185414165482193e-17 1.212157757738727800e-18 -1.848543041163408171e-17 -5.007860604405476115e-17 -7.072347882331561454e-15 2.142211508881223774e-17 4.871282888300280177e-17 -8.394172752458570190e-16 1.860055781292846453e-15 -5.105425074830735607e-16 4.779146689032761245e-16 2.273821369431669685e-16 4.679136206972675313e-16 8.157688662626009416e-17 -1.707622218156178862e-16 8.774340445801053293e-18 1.649787363625193738e-16 -4.861735155470284237e-16 -2.254302907443923662e-16 -1.330680676825333551e-16 -9.696599285323750447e-16 -1.540329780054589140e-15 1.547771693765105596e-16 -1.424959742746889041e-15 2.303372402259213477e-16 1.837451987478177293e-15 1.787364859479399756e-15 -4.113170536375800576e-16 3.030238012593578599e-16 -3.892938650689620654e-17 -4.613516942188616319e-16 2.921319975028824102e-16
-2.809935751377584383e-16 6.826862045430693096e-14 3.278998226128956747e-15 4.553357688575247706e-15 -1.728175319897537090e-15 -4.285043659506415293e-15 3.471587709790882531e-15 -4.657037672587244529e-15 -1.074095383233170760e-15 6.000004849015405731e-15 1.028065375185165971e-15 2.395894235946401747e-16 -1.300298727587080856e-14 -1.392305584457419442e-15 4.971755074462927967e-15 -4.161662677571115588e-15 -1.244579702162019502e-16 1.263872582085096530e-15 9.442396645470749168e-16 1.596975626310262156e-14 1.184771906879096627e-15 2.218766269810445246e-15 5.410793127691366156e-15 -3.697135172716896953e-15 -1.323839244175865741e-15 -3.508978765887295266e-15 8.507917608064479622e-17 4.290430720374154708e-16 -1.104853568432727387e-15 3.534434416561373180e-15 -3.026901413928892237e-15 1.898257902794326901e-16 -1.208231010396755352e-14 -3.613661774377229921e-14 4.797870510867477115e-15 -1.762615670641832639e-15 -8.358259472916910577e-15 1.450424509701825552e-15 1.704022167437330358e-15 -9.993667658761289358e-16 -8.834993223045671090e-15 -4.153217083345532871e-15 3.291916623440223563e-16 5.966488358305999842e-16 -9.461984280751892115e-16 5.382516908497467983e-15 -6.006412168470966799e-15 -2.641577465593046188e-14 3.736928738272294425e-15 1.978655204941769607e-15 -4.121252698061679585e-15 4.296302831391944575e-15 5.388012025426797605e-15 -9.607842528188411134e-17 -3.382758357589807937e-15 -6.852920791596757410e-16 1.431133178098397801e-16 -5.079233981731942318e-16 -9.399712964607295288e-16 -1.115532201421488503e-15 -7.525526883768462898e-17 -3.237937609361988676e-16 2.969112423277417056e-18 -1.758451202428409234e-16 -8.218506935006614860e-16 1.234239799258883325e-16 2.676789468885419539e-17 -3.280394117151318738e-17 6.390248787781954048e-17 -3.709545152768033226e-16 -4.816388661192424552e-14 -1.532365095395171030e-16 -3.021409443242743333e-15 1.133025505355088119e-14 -1.037461778765640721e-14 -3.006627860962725551e-15 -6.997982839286688118e-14 -7.034434271064830701e-14 -5.534861875431636120e-15 2.086130155187447364e-15 3.149130433194333159e-15 -1.843287369431223893e-15 3.703664012933441580e-15 3.820842866972128948e-16 1.663963685865297081e-14 -4.134184059200788196e-17 2.365843547116175501e-14 2.182576560565283729e-14 -3.368767843524018078e-15 1.001957835616876735e-14 -2.042543768187220878e-14 -3.728074741144438170e-14 2.271819880440772014e-15 2.238200563909664402e-14 -5.478452413952152182e-15 3.181246428663749799e-14 -6.468346928729754596e-14 -2.512672368003308474e-15
-3.138718736947487547e-17 3.278998226128956747e-15 6.099226170681115334e-15 3.080833105030940154e-15 -1.258362942790730804e-15 6.529753988544300500e-16 9.708295806907271244e-18 -5.245262418381483153e-16 -3.258577357069171872e-16 -9.710604728273279074e-17 1.463375173537574952e-15 2.447980388475289564e-16 -2.096604178842143713e-15 -1.231105477520187421e-16 5.431333968915563089e-16 3.503820099285161674e-17 -3.639454227806185939e-16 5.406755307416016860e-16 7.320821021464263023e-17 5.254452919791248555e-16 2.163300495992128547e-16 -2.793906290270844103e-16 4.894091966243185874e-16 -3.798448071762140605e-16 -1.297897105712644100e-16 -1.463783398207455462e-15 4.566914603559983968e-16 5.288100987568632774e-16 -1.303092212682868427e-17 2.225710736130371706e-16 2.838719072023642646e-17 -1.156091012714253717e-16 -4.846291043930283231e-15 -3.584667151532325675e-15 2.714047153680853101e-15 9.003611712862581051e-16 -4.378971446930072819e-15 1.839553231159006300e-18 3.005989388824711313e-16 -2.886541141528913462e-16 7.854659440116554023e-15 -9.380333737401655002e-18 -1.162547978494106436e-15 -1.023276754154328909e-16 4.353277457833023718e-17 -3.995124236340547771e-15 1.059176692342960242e-16 -3.064998870808990776e-15 -2.152729533317179298e-15 1.805854137862287519e-15 -2.456408647529539153e-15 1.040751057825878250e-15 1.725383406944744299e-15 9.782331762216857036e-17 9.843720332577003516e-18 -8.699439483793949173e-17 -1.335510858341233751e-16 -2.429344880495398493e-16 8.237885165470089579e-17 -1.749898368747318755e-16 -1.566065577036926848e-16 9.897595000196097019e-17 -3.398239319261748367e-16 -1.326186432547114827e-16 -1.548597621307064614e-16 -3.883170421449756094e-17 4.059391811098210268e-17 4.967206954022936199e-17 1.563882455636889561e-17 -3.178327071980629808e-16 -1.916238825087218481e-14 -1.211921218763878128e-17 2.183928825428104346e-15 3.293014499093712236e-15 -8.795656550986029841e-16 -2.627628584856784196e-15 -8.738243812312111748e-15 -7.010045046102008404e-15 2.788912375174044960e-15 -3.322303461577792153e-16 -3.963963383757925890e-15 1.637847702133612369e-15 -4.596735856506180391e-16 -2.018381663503818372e-15 3.269402708009390503e-15 -9.924123928139217254e-16 1.652326093652856990e-15 4.684765280456813434e-15 1.503939082918732010e-15 -4.466969057101540697e-15 -5.639862406056408665e-16 -2.586088247697963167e-15 -3.932051267818235792e-15 5.528077299522290666e-16 3.705849293798494718e-16 2.218288530541548544e-15 7.617805341620866859e-15 -6.911866516741618386e-16
-1.263916066546876663e-16 4.553357688575247706e-15 3.080833105030940154e-15 6.956191322215203951e-14 -7.642577810807906406e-15 -9.905309235845488261e-16 -4.226152381086494000e-16 -8.558905627597140995e-16 -1.012026123714889090e-16 4.894020334075823155e-15 2.094793697437853134e-15 1.508015572119116071e-15 -3.922753500107899855e-15 -2.268453985804015400e-15 4.392943013620949772e-18 2.269039925550063539e-15 -5.771721709337002963e-15 9.050378563957889908e-16 8.491669145611787809e-16 9.092356024198867595e-15 -6.193869958686771036e-16 -1.130500964726060510e-15 1.240445956738106314e-15 -6.689983088318197983e-16 -1.886370158824212971e-15 6.058805336826079272e-15 -6.601489299749233778e-16 -3.520957450669668155e-16 -1.984942777919172048e-15 -4.978132327820941029e-16 -2.690769786865407528e-16 4.444690259658693661e-17 7.476479642994791724e-15 -2.104992055644303346e-14 3.414641882038157697e-15 2.033253025641006582e-15 -1.505410688117181990e-14 5.722540837075116897e-16 4.830529620846142356e-16 -4.358715453945438894e-16 1.453700098091349222e-14 -1.097845445925245798e-15 -5.858353657062006243e-16 3.162942154230182181e-16 -2.225956150564843723e-16 -2.695773468121090098e-15 4.397238135869516389e-15 -1.235382337461070605e-14 2.592154673629112462e-15 2.335129917984027063e-15 -3.179640395749002190e-15 3.748186828092360437e-15 2.242735338264906636e-16 -2.075628094308213274e-16 -1.306828708436449181e-14 -4.195855184238845552e-16 1.401228892238276950e-16 -5.360713164490446061e-16 1.079882010709587943e-16 -3.006090295224186232e-16 -8.162245010417500458e-16 -3.535059330259176326e-16 2.138348268012145947e-16 -3.635393193965903449e-16 -5.911574915728849925e-16 1.137867009404613084e-16 5.585418629561787471e-17 1.573250450201799142e-16 -1.515003305364385230e-17 7.301591704453379816e-16 1.064304579828940721e-14 3.306524297723924677e-17 -9.249912197645370953e-16 8.188835540043681568e-15 -9.264112516461249768e-15 -5.748539209532898369e-15 -3.076047219582564142e-14 6.972788667014773326e-15 -2.402266902378566746e-15 9.399861538150615183e-16 -4.247933554225623896e-14 3.424787004104653847e-15 -1.480027811412874603e-14 4.125696985673916887e-16 1.190959098484709839e-14 -5.695223449495485239e-15 8.894906272136758240e-15 1.543989378228175673e-14 -1.660838276902241338e-15 8.355774713334517049e-15 5.630915801407709235e-15 -1.593287972253448103e-14 -1.294109706045182100e-14 1.972097302891437288e-14 -1.906850112428569623e-15 7.264647167211993530e-15 -3.769790989448953567e-14 -7.190798375835529436e-15
7.467531860558583965e-17 -1.728175319897537090e-15 -1.258362942790730804e-15 -7.642577810807906406e-15 3.145763438424801592e-15 -5.393034978499485272e-16 1.396110372401399242e-16 1.039578727295305120e-16 3.322465461404752971e-16 -9.020924304702307043e-16 -7.262326796406981941e-16 -8.248229021891300629e-16 2.303616387056607326e-15 1.572070600583324788e-15 -7.156027180094052888e-16 -2.607487420735918148e-16 7.575979680927979044e-16 9.371121865214895445e-17 -1.202309784913279777e-16 -1.521471938633538193e-15 1.407424849753351461e-16 -2.015626750913021469e-16 2.383577715893046418e-17 -1.277234687383505206e-16 5.977746496656451505e-16 6.407435928448838531e-16 -3.064898274597782584e-16 1.855612237173188765e-16 7.926083332717048369e-16 -4.429873592425478461e-17 -3.831159902039246200e-16 4.786380729483461006e-17 -2.890386933051903829e-15 3.860079530236340644e-15 -7.332007857436868041e-16 -9.825262927335279629e-16 5.221518419725890538e-15 9.236392562599206085e-18 2.494676471345305723e-16 1.098363117254688141e-16 -1.308924304781603455e-15 3.194395991409276570e-16 6.431527289383212240e-16 -1.010406465388165275e-16 -1.751131755830043929e-16 2.182566202402792396e-15 -1.620871631594562561e-15 2.565132099783572016e-15 -1.061624821901806777e-15 -3.653513817835503216e-16 1.402843207578587849e-15 -7.467095655617049941e-16 -4.880179420337165124e-16 -8.205073135631373755e-17 1.370483847348560433e-15 1.398364888003945167e-16 1.107456634498264120e-16 1.398486762112486982e-16 -2.555417874765896954e-16 1.723236819870836849e-16 1.921191874266437034e-16 1.205600388759842406e-16 1.598082570788851705e-17 1.752963905880627396e-16 1.064999467094951477e-16 3.017062101628954558e-17 -3.466324971311163202e-17 -6.668095160391721362e-17 -1.113252554251508433e-17 -1.273843177018878445e-16 1.347871284898504480e-14 -5.500488796289192181e-18 1.182666045632000321e-15 -1.869924832833041829e-15 1.850990286511249705e-15 1.204592321169335316e-15 9.145544857366554925e-15 -1.172071005041560692e-15 -5.692705711968503728e-16 -6.001264816814957665e-16 7.188190257139605850e-15 -1.769221426366508171e-15 -8.032801470796653098e-17 3.632546707006412918e-16 -5.465897383216021443e-15 1.531343340856560890e-15 -2.828933243801454248e-15 -3.935935807832480595e-15 -1.558711257763319611e-15 1.911241712558036061e-15 2.234212725023305292e-15 4.731815352990037329e-15 7.431549981372895493e-15 -4.354948499503745520e-15 1.478103523312019992e-16 -1.822444108891523951e-15 2.734298205014415255e-17 1.823115655364986539e-15
3.436109250423761360e-16 -4.285043659506415293e-15 6.529753988544300500e-16 -9.905309235845488261e-16 -5.393034978499485272e-16 2.021270604660100677e-14 -5.186007421520644277e-15 2.596773629829161351e-16 -1.340849108869090237e-16 -2.035000328825252868e-15 7.758757084776006901e-16 1.026482654717196306e-15 -7.553308912945391126e-16 1.226779178643457568e-15 8.003715134039658195e-16 -2.168290122585265958e-15 3.896442192624850515e-16 -1.051262587125528690e-15 3.073360635083079077e-16 -4.703742431835172626e-15 -8.289349006810307657e-16 2.426358382256701238e-15 -1.488642073694731703e-15 1.328690529244894457e-15 -1.185089897265448691e-15 2.036058075660937394e-15 -7.045757536524735976e-16 4.953452278375253048e-16 -2.273206090639760699e-15 -2.258068879471301411e-16 -6.697901094986508077e-18 -2.245653630816968269e-16 -1.872296172642686372e-15 8.722690614475494700e-15 9.242993227567674947e-16 2.280661499142490834e-15 -4.673012528589882849e-15 -1.291513260734703199e-15 -1.451513611919518610e-15 -6.079934307598102333e-16 9.096213538741432874e-15 -2.129612185407900162e-15 -1.674922454777257344e-16 -4.672435912041448171e-16 7.809959754990083671e-16 -6.074164071781419635e-16 1.536679788771791290e-15 2.755404338173721700e-15 -2.616186190901343707e-15 -1.689682910023216122e-15 7.913119213513259125e-16 6.825298705683627382e-16 9.048304055449879865e-16 2.848103328053816905e-16 4.181985435996827491e-15 2.106107044820250607e-16 9.162956539378049421e-17 1.622264911894983780e-16 2.573117069615232724e-16 2.272532801616948865e-16 1.521700591798218884e-17 1.512840311216100319e-16 -9.424832528984378799e-17 1.718909817928401261e-17 2.231023388171570003e-16 -3.163553641689700652e-16 1.780737377018621852e-17 1.210101084103562560e-16 3.072176190264232094e-17 3.064147883396878140e-16 -1.930182498298552617e-14 7.858765779973110415e-17 -9.969318769415739119e-16 -1.035496926687180802e-14 5.868666988615818622e-15 -7.194604527085431478e-16 3.209345926877594978e-15 8.809328704187786589e-15 3.025727692202758378e-15 -3.538424600683227970e-16 -2.681810454942662832e-15 1.735502736221826424e-15 -2.779551666155945958e-15 -2.184803056676331164e-15 8.563511277978679572e-16 -4.296018868632295985e-15 -6.346222363963578346e-15 -1.282595863488273485e-16 1.633325371103397402e-15 -1.062226870539992011e-14 -3.861629163515981996e-15 9.749663377979560111e-15 2.418792901973389863e-15 -7.197235220505253824e-15 2.773383292261539095e-15 3.525872019605567843e-15 -9.153741078942259919e-15 7.647966356271710214e-15
-2.231314535571091351e-16 3.471587709790882531e-15 9.708295806907271244e-18 -4.226152381086494000e-16 1.396110372401399242e-16 -5.186007421520644277e-15 9.320511979589572339e-15 -5.960255682930745596e-16 -5.523358801216918232e-16 1.255605870562357107e-15 1.190458539526485145e-15 -2.153388191589652692e-17 -1.412003499187781346e-15 2.942961069646312838e-15 4.819013602952548131e-16 -1.532675261386951533e-16 -1.199024234792772485e-15 2.294512499071725510e-16 3.343286973476964879e-16 1.334928787881796649e-15 -3.796519842256666130e-16 8.635851120542756314e-16 2.382483093088578438e-16 -5.285066673575891019e-16 -1.805723255885105919e-16 -6.932530129519068817e-16 1.836993830541854798e-16 2.274563998857874457e-16 -2.136352618281972194e-15 7.409691280110484974e-16 -4.303310880270748350e-16 1.035820489191189959e-16 3.159179122378363714e-16 -2.708592525426248013e-15 2.490809993177783315e-15 -6.686711848605478913e-16 -1.507685807430613783e-15 2.497171625086316284e-16 -5.111471754607815546e-17 -2.751818927697378432e-16 -1.183915709021505907e-15 -1.345097183640369259e-16 -5.583914655107638887e-16 3.958416921070775831e-16 -1.311298999798163440e-17 -7.443952422426455637e-16 1.380275630443155645e-15 1.423072881978910033e-16 -3.418748519143551225e-16 1.256276031239659708e-16 -9.075044809754511972e-16 9.679155543589873758e-16 9.465129866430258129e-16 4.267430246198665477e-17 -1.519645017261578094e-15 8.249766982897182241e-17 4.991624381347501871e-17 -3.277699628113841129e-16 -1.455159877002940862e-17 -1.506870106077175219e-16 8.930590355285559973e-17 -7.663817931661490690e-17 -1.986602218390150174e-16 -1.106329848637018602e-16 1.747037134461419030e-16 -3.175156253728849629e-18 -1.879088442110185139e-17 3.033920508741178351e-17 2.291644779168311924e-17 -5.301940638347119032e-17 -1.184841855818078777e-14 -1.077843941238036957e-16 1.438902032582413630e-16 -2.498077921887611358e-15 1.146766553355855632e-15 -1.679235866881090502e-15 2.454627107138784969e-16 -6.616706220552825123e-15 4.842148288414292146e-17 6.770425541156461621e-18 3.948391440188428882e-15 -8.111637965412516447e-16 -2.980132343231457216e-15 4.267694452150147209e-16 1.436962590628278023e-16 -7.481656848265726522e-16 1.915225906866545196e-15 5.818271112162246021e-15 2.228063326965875645e-15 -2.167000535089464924e-15 -3.184891700090972681e-15 -6.572623416948642703e-15 -1.417888506713784070e-15 -2.569477330642822420e-15 -1.297926550402162522e-16 5.895405469931166473e-15 -1.287947499064858182e-14 -1.861896531883692532e-15
-8.307037124393463991e-17 -4.657037672587244529e-15 -5.245262418381483153e-16 -8.558905627597140995e-16 1.039578727295305120e-16 2.596773629829161351e-16 -5.960255682930745596e-16 7.950678362921618493e-15 -2.464564741866465502e-16 -4.247578601716464835e-15 -2.185344691629217538e-15 -1.226109397898195616e-16 4.828323574627893996e-15 -2.329001156842428789e-15 -1.931043194832161691e-15 1.575129989219836553e-16 1.600195773060670682e-15 3.081391321334052658e-16 -1.293468142060898457e-16 -2.859136094236489598e-15 -2.500417841052712402e-16 -4.813113343032500259e-16 -2.203958407430587255e-15 5.590455686680112126e-16 2.187968966183890125e-16 2.344533701393370225e-16 1.136286278617103611e-16 -3.445655215277804209e-16 3.796397396332689382e-15 -1.331883727146921221e-15 7.668355440844279825e-16 -5.177272093765189695e-17 -1.483406901169843592e-15 5.824840729894911174e-15 -2.457783704483387612e-16 1.675341098723414128e-15 -4.569568583981289558e-15 -3.585211143736344349e-16 -3.293741818728317192e-16 1.174202847938763064e-16 4.066813555698231497e-15 2.343929974303547259e-16 4.352611905363387683e-16 -6.886365534178103160e-17 2.537190685932185583e-16 -4.452278301715967072e-16 -4.792541076156923657e-16 1.388003723266688976e-15 -2.439479088329772039e-16 -8.782467366883668677e-16 4.334067881462129258e-16 -1.084966640364492561e-15 -6.176442332955881544e-16 9.335366406543351170e-17 1.781336525469910740e-15 1.713176288149822190e-17 -3.287587291943378104e-16 3.129590548651868107e-16 2.135686961667354360e-16 3.267415229548361278e-16 5.214685740952708908e-17 2.125640757754161789e-16 1.271384859571257328e-16 -3.383240524568043466e-17 3.139187466580631128e-16 -7.770812997522872086e-17 4.259286100364295025e-17 1.735298192883280208e-17 -8.341623516721788575e-18 2.202008818594976236e-16 -4.375407980831963678e-15 5.679220313373718138e-17 -1.352713547646889349e-16 -1.165585364502867273e-15 -1.062642979329304052e-15 7.817543787247862629e-16 5.713504705626276863e-15 2.261829121816582261e-15 3.135535631408736035e-15 -3.842413354386124950e-16 -3.803657871309079521e-15 8.270477364201718045e-16 6.366284672755336060e-16 -6.738580232373125226e-16 -3.627814191645796672e-15 -1.789307559663578311e-16 -7.393633338118408565e-15 -2.360717765592616212e-15 1.509764996748310606e-15 -4.954077717310994692e-15 5.401976553521189612e-15 7.297213479384429223e-15 -3.975344858352659181e-15 -4.320895302760902453e-15 1.353142891958136381e-15 -4.654459808345507369e-15 1.221135528226014147e-14 -1.541537753216277822e-15
-2.861956781338217677e-16 -1.074095383233170760e-15 -3.258577357069171872e-16 -1.012026123714889090e-16 3.322465461404752971e-16 -1.340849108869090237e-16 -5.523358801216918232e-16 -2.464564741866465502e-16 2.073458522058885786e-15 5.365593448951220327e-16 -1.071261089282709465e-15 -8.663074022735916388e-16 1.509605620805592340e-15 -1.053462791972759740e-15 3.908592516802026486e-17 3.324574130890267149e-16 4.928892595785236912e-16 3.362047656123209592e-17 -1.931951272883391314e-16 -5.097011538683533623e-16 2.152429623239587441e-16 -6.142900669948402546e-16 1.812986633666342106e-16 -4.959340628320388644e-16 -2.561872450108898607e-16 3.539056639805753235e-16 9.516967780377755029e-17 7.709155040281782227e-17 -9.122644980659169172e-16 -5.212655473548635041e-18 2.133343498698208799e-16 2.498199434891269293e-17 -1.116720778529050107e-15 -9.396007003446251234e-17 -4.241982725318223883e-16 -6.271866005263582312e-16 2.486721378718767275e-15 1.034916484551070356e-16 2.002848086532337306e-16 1.789239949049397237e-16 -1.233219565438412633e-15 6.361431054180332221e-16 -5.492190478546064392e-16 8.745859235255902706e-17 -1.854907010148705269e-17 -5.082959106572515048e-18 1.042072087868558955e-16 -3.494756897935232242e-17 3.799280454177594852e-16 3.882855993347923987e-16 2.743032857928906930e-16 -7.256182943783646463e-16 -5.803871312268712628e-16 1.133504864123537615e-18 3.083727280494429237e-16 1.258431216816469575e-16 2.093650273730992210e-17 1.121002888609666571e-16 3.030749319989573587e-18 3.866274624528841820e-17 -5.067958678192442070e-17 -4.392133731396813432e-17 1.469161243744608744e-16 8.617033067093335410e-17 -1.891318200430773670e-17 -1.958744833713402668e-17 6.608792361502507000e-18 -2.484210759721109199e-17 -6.404764270865126085e-18 -1.041134059341032589e-16 5.286996007168928146e-15 1.000080322600265744e-17 3.716864856184880742e-16 1.208276202300651769e-15 -8.876993757678594778e-16 6.762131775825449427e-16 1.279510301367370180e-15 2.291420289288172560e-15 -2.053052291696838854e-16 4.433396686611675885e-17 -6.483356593561933513e-16 -2.867028195487298902e-16 7.726505009860868315e-16 3.116163319457678666e-16 -5.851558864434316303e-16 -1.957963386860647120e-16 1.122973545577751803e-16 8.776047092627942411e-16 -2.216271198985193752e-15 3.003491598734457200e-15 3.250941523154351098e-15 -1.852610880369377347e-16 9.568952482231293625e-16 1.848091077698727299e-15 -4.899873115586835440e-17 -2.372218635136638172e-15 7.570317690677939903e-15 8.325553484401010350e-16
-9.243043257701115419e-17 6.000004849015405731e-15 -9.710604728273279074e-17 4.894020334075823155e-15 -9.020924304702307043e-16 -2.035000328825252868e-15 1.255605870562357107e-15 -4.247578601716464835e-15 5.365593448951220327e-16 2.291725502766759910e-14 -9.149708467079193204e-15 -5.103500219374551986e-16 -6.976844772823710172e-15 1.217297179732807876e-15 2.616742582729321791e-15 -8.874964303567983132e-16 -6.331342024533068970e-15 2.184530469795993554e-16 4.815383327558551383e-16 4.876187101125432936e-15 1.468872787947342099e-16 -5.382926037678720786e-16 1.862284272043594248e-15 -1.253426297001422566e-15 3.225549161532645881e-16 8.102684511422368998e-16 8.865891664080195044e-18 6.509508766625952538e-16 -2.987106971518863213e-15 9.537444187339255645e-16 -4.945754867328484148e-16 -4.225550915777898657e-17 -1.261686029066478888e-15 -1.046110868329696955e-14 -1.759198646174667251e-15 -1.688185121852590351e-15 3.393537228412960976e-15 1.417242273123891074e-15 1.928617767666799242e-16 -2.180585572705971294e-16 5.156449040608432814e-16 -5.852375186417602701e-16 -7.090890005671885587e-16 5.157767131600752916e-16 -8.058873107979169863e-16 2.536946238019247006e-15 5.514794958408421372e-16 -2.353882519488054754e-15 1.771309717736754941e-15 -2.675214921232631689e-15 8.910776012162244410e-16 2.411114593766684810e-15 1.268562998143888092e-15 -1.265056157793966543e-16 -7.819795381121072936e-15 -1.764700436319022623e-17 4.535391991251014041e-16 -2.380179467379933942e-16 -3.154926306464335920e-16 -4.101712476374635875e-16 -2.105685009728712033e-16 -2.548511967405867507e-16 -1.040388543048617307e-16 -1.055830047614509355e-16 5.057896856212653360e-17 1.392280728079012103e-16 -1.051840240506762993e-16 -1.688043156155579093e-17 -7.510229643983315118e-18 -1.417633804960573499e-16 -2.786506727854657653e-16 -3.269603141447098421e-17 -1.914242985850427530e-15 2.764899607612397783e-15 9.644443344150446083e-16 -2.469522086872134129e-15 -1.342239952721273968e-14 -2.510593291521264058e-15 -5.140034163701262855e-15 4.592270951562995749e-16 5.683210792734698506e-15 -7.561628780911993012e-16 -1.480637156216268953e-15 1.601553647368680589e-15 3.839956311133089094e-15 7.424380328243357976e-17 7.336459671490270426e-15 8.128077376625936015e-15 -1.021317832740227861e-15 6.391288906787894833e-15 -2.715576760216071401e-15 -6.491581623632115357e-15 2.026287096331994170e-15 7.977484765185120747e-15 -2.470214144576761139e-15 5.915368494650654517e-15 -3.209270110353127828e-15 -3.319794586637812713e-15
3.533209531836401393e-16 1.028065375185165971e-15 1.463375173537574952e-15 2.094793697437853134e-15 -7.262326796406981941e-16 7.758757084776006901e-16 1.190458539526485145e-15 -2.185344691629217538e-15 -1.071261089282709465e-15 -9.149708467079193204e-15 1.461905966520288222e-14 8.604287403731977593e-16 -3.659209497290487463e-15 3.651453543050728602e-15 -1.394278611822527341e-15 1.033195591643025798e-15 -3.628498355352689449e-15 -4.627663054781084773e-16 6.678587152270965912e-17 -1.376256971430832909e-15 -9.569699514797970125e-16 2.387709280408229239e-15 -6.488264829261028000e-16 5.455097810691020689e-16 -1.349221391861671118e-15 8.329334734388047991e-16 -7.803163651271684114e-16 -1.936431643720076033e-16 -1.680260769754153148e-15 -1.301901565865355789e-16 3.568092741491052980e-16 -6.872035707873063339e-17 7.929882984261484436e-16 4.637026094450699041e-15 2.635425641721925098e-15 8.598591229086006562e-16 -3.497259600419431849e-15 -1.066709181015797927e-15 -4.767352401436094666e-16 -3.921331781900483792e-16 1.292994659289274862e-15 -1.686242446589299248e-15 -8.223916755739649712e-16 -2.384668208433205472e-16 5.739167986260663526e-16 -3.407610762286741737e-15 2.377037635932897932e-15 -4.826119806451155638e-16 -7.004071474175971643e-16 2.547519019573100631e-15 -1.387701993644870167e-15 4.095259477862686102e-16 2.375571288689729084e-15 -5.014032762476835709e-17 3.917688041726183384e-15 -8.819105105941609113e-17 -1.924789989981363029e-16 -3.513509094928600237e-16 2.506405237104554092e-16 -9.563026598420579358e-17 8.886483407134384448e-18 1.352416397882695432e-18 -1.527431897188675606e-16 -2.708916980261925486e-16 6.189608968484915027e-17 -8.119442116484649505e-17 5.969028882314228274e-17 5.354125207794342238e-17 3.789662098706346656e-17 1.322628672236546835e-16 -3.592504901414806853e-15 1.003234827171221014e-17 2.583270915414044592e-16 -5.538544781902836033e-15 4.535714199261651959e-15 -7.049971457796933937e-17 4.307658299576654422e-15 -1.380060808195843198e-15 1.667884030916742812e-15 1.841656022880385187e-16 -2.912324501007979188e-15 7.279341064748192716e-16 -1.224922040677399810e-15 -1.352890387172529549e-15 2.214218246053816639e-15 -2.003491884987209998e-15 1.549808462289858808e-15 -4.675891974775916939e-15 3.713319490990124026e-15 -8.826259686832275419e-15 -1.839461074660710057e-15 -3.646957529385452952e-15 -2.406711921014852262e-16 -7.443137058020472900e-15 2.090980922283146614e-15 8.502488844190534095e-16 -1.033484119471334087e-14 5.457862493389599279e-16
1.110666222491337574e-18 2.395894235946401747e-16 2.447980388475289564e-16 1.508015572119116071e-15 -8.248229021891300629e-16 1.026482654717196306e-15 -2.153388191589652692e-17 -1.226109397898195616e-16 -8.663074022735916388e-16 -5.103500219374551986e-16 8.604287403731977593e-16 2.961932552448623387e-15 -1.585167983203900041e-15 -4.758991143538265433e-16 5.275918294245109082e-16 -2.431551216276820794e-16 -8.202088799448753609e-17 -1.331595746028366136e-15 3.225296562064172589e-16 -2.825642280531906113e-16 -7.359335984122081355e-16 7.436363869891460529e-16 -1.045196286590678044e-15 2.734454689858148939e-16 -7.477254471822382040e-16 2.557593533182440578e-16 -4.886242900045893774e-17 4.228136352461691831e-17 7.918554140677895591e-17 1.908101741829439551e-16 1.226413599268013093e-16 -3.651340257089219137e-17 1.134831998952068868e-15 8.923862326529589259e-16 9.833923080507824570e-16 1.540589553366192875e-15 -2.963779628274692450e-15 -3.786014442863384587e-16 -7.880194177551679461e-16 -1.641317026116528145e-16 1.673921303742507354e-15 6.127288603052083192e-17 -5.924361077079343959e-16 -6.171420992568041792e-17 4.690577083304405725e-16 -2.217709190296200750e-15 1.015270192109419774e-15 -2.199016178032300593e-16 -4.986436713843015799e-16 -6.171531978166035026e-16 -2.784762252466650020e-16 1.240085575074318151e-16 1.329617671932692774e-15 1.362634692157786430e-17 1.212135736972793202e-15 -9.131536971851271632e-17 1.477313407127618814e-18 -7.327045180078430909e-17 1.549284768514974554e-16 -2.233252886506095113e-17 9.501857479535227317e-17 -1.400492720814898500e-16 -1.854725377592386468e-16 -9.267907410225542512e-17 -1.026954933926662505e-17 -1.361667241870290649e-16 2.355268849569305335e-17 5.929468266490629945e-17 2.295531932489257474e-17 1.148386474939812924e-16 -1.837065280885288809e-14 1.438161205478547554e-17 -6.203991653204459847e-16 -2.984985825850953308e-15 2.262223576195912397e-15 1.330380186767601815e-16 -5.231082209056584273e-16 -1.056413981114855520e-15 1.762671320734258777e-15 2.818905301627995393e-17 -2.970475170188393576e-15 9.552777716992480230e-16 -9.480400550903593905e-16 -7.019853237088008989e-16 1.221731409801338375e-15 -1.173709389471007041e-15 1.177116295411395461e-15 -1.186846760748493650e-15 2.901767492995312621e-15 -5.335238223307385942e-15 -3.139367307175930085e-15 -1.604150862722644835e-15 -3.259913752870450134e-15 -2.867755947318294786e-15 9.996734010029992791e-16 -1.479504050566851525e-15 2.650937990404497508e-15 -4.212185181050140756e-17
-1.172169322913993412e-15 -1.300298727587080856e-14 -2.096604178842143713e-15 -3.922753500107899855e-15 2.303616387056607326e-15 -7.553308912945391126e-16 -1.412003499187781346e-15 4.828323574627893996e-15 1.509605620805592340e-15 -6.976844772823710172e-15 -3.659209497290487463e-15 -1.585167983203900041e-15 1.348922330673239285e-13 -3.147000729901597417e-14 -4.999955289660776555e-15 -1.230495558846200195e-15 2.480841871663503685e-15 5.980906790090225747e-16 -1.086424804196203526e-15 -6.880984039932780674e-16 2.075839080627833876e-15 -6.994651517335659266e-15 -6.153684096208994507e-16 -6.208126923458872782e-16 1.106499283281760432e-15 -2.330416183258770208e-15 8.279727368390822975e-16 7.486863063746084863e-16 -1.559419053209906113e-16 1.505597168490245032e-15 8.896456802908610613e-16 2.686836777752963711e-16 -2.020466404070041589e-15 3.719622134890254354e-15 -8.471597311077153607e-15 -5.244190850198581108e-15 1.535114070272206422e-14 1.099910308310611480e-15 9.485323546988300865e-16 1.694981432995203806e-15 3.179346631900692210e-15 -3.855205353546092898e-15 3.358720186297842483e-15 6.670428682336193076e-16 -1.622244300462326649e-16 9.549404219903049934e-15 7.632948703616112110e-15 2.185066863151003319e-16 4.217512134557874015e-15 -5.622473662226016539e-15 -2.921175473651327893e-16 -5.147169947918969733e-16 -5.989704914152649186e-15 -3.616100325227677750e-16 -6.146360590320424099e-15 -8.352160311597148113e-17 -5.143112697278069465e-17 1.188383937492613970e-15 -4.085647587794147079e-16 6.156062126844317847e-16 -3.455213985128499588e-16 8.021406722285642349e-16 5.157268642213904142e-16 3.098755526557878808e-16 7.700797288731648842e-16 3.121083088085697825e-16 -9.756468848274678925e-17 -5.169146995800690826e-17 -3.965415701248730514e-17 2.796405053419450240e-16 3.466587864898959008e-14 -1.260963929375986979e-16 7.866957906599084089e-15 8.038626406936876065e-15 -1.265941769629603353e-14 5.298241781317014680e-15 9.304892946450153419e-16 2.645683454087428230e-14 -1.253779718406654803e-14 4.128786320607509332e-15 1.818686584028602400e-14 -6.169774819014509981e-15 4.826853584509256017e-15 3.580627150521204824e-15 -6.409237492756729309e-15 8.010499273688161624e-16 -1.728285941178430661e-15 1.062735469252726516e-14 -1.243917435748279272e-14 2.979414207639833625e-14 2.581241439312479962e-14 -1.217763511274903323e-14 -1.180433594486337124e-14 1.740661882238504664e-14 -3.645296291078552094e-15 -1.474101124476502581e-14 -2.251774718486653344e-14 2.133367011210521593e-15
2.781966556017896661e-16 -1.392305584457419442e-15 -1.231105477520187421e-16 -2.268453985804015400e-15 1.572070600583324788e-15 1.226779178643457568e-15 2.942961069646312838e-15 -2.329001156842428789e-15 -1.053462791972759740e-15 1.217297179732807876e-15 3.651453543050728602e-15 -4.758991143538265433e-16 -3.147000729901597417e-14 3.000053606732093182e-14 -9.831751143921219554e-16 -5.187008062491997798e-16 -1.192641976688255845e-15 9.082597947446152833e-16 2.424628177204827132e-16 -2.980168115478687909e-15 -1.836032961933807546e-15 3.222114702809540097e-15 -7.174107683351455596e-16 3.164899533425553637e-16 -3.489107385189774974e-16 3.679740973363741492e-15 -1.038193335508183214e-15 5.678905708502885574e-16 -4.284280365312536638e-16 -4.398928156990349123e-16 -6.512445282975410189e-16 5.874778008428868920e-17 -6.156955150887698717e-15 7.243040039252765160e-15 3.578768058666922816e-15 -2.263484105476365197e-16 2.405402642209328339e-15 -1.240272476348683131e-16 1.029362585056555341e-16 -7.281808971405514537e-16 2.121601874714600832e-15 3.615972629650113648e-16 -3.281627433621288674e-16 1.946560734623144912e-16 -3.351331486058425816e-16 -2.166210565294757924e-15 -1.307206106494431220e-16 4.044216493611058828e-15 -3.816903682625459537e-15 -1.393921490611403988e-15 3.676829072859013754e-15 4.625270683566527314e-16 2.165322877477627239e-15 -4.868785050205617662e-17 -1.714233192116886120e-16 4.463761498670342115e-16 1.284156112327619106e-16 -5.958739037441144512e-16 7.000550873414205698e-18 -1.454096703757306187e-16 5.782208949218045503e-16 -1.372561155514745103e-16 -2.527090571446518766e-16 -8.890826372614985415e-17 2.880027760687983434e-16 -7.085429134172980512e-17 -2.702634855680320928e-17 2.734678790472411897e-17 -7.659253263393857890e-19 3.254069760842966592e-16 1.613445654930074789e-14 1.419515943715055834e-17 -2.311433520796288749e-15 -1.470140870881161598e-14 1.093558177251110260e-14 -3.273166544286270332e-16 1.855001194371279111e-14 -8.553730076891467810e-15 1.789681490243836957e-15 -1.978719909539393141e-15 -3.358230731656513246e-16 7.210702616184752058e-16 -2.949677417233409004e-16 -1.382138306509644417e-15 -3.552814296644344522e-15 -2.075328708260785323e-15 -5.391567062050852085e-15 -6.528055486380872461e-15 6.824934628548327319e-15 -1.487641687077129635e-14 -1.077058389049816888e-14 1.116322833061843467e-14 1.235030990198012304e-14 -1.861157159083762683e-14 1.825470641633495798e-15 6.718714884430966012e-15 -1.401234205868349966e-14 2.046098098832405598e-15
-4.406363556721642310e-16 4.971755074462927967e-15 5.431333968915563089e-16 4.392943013620949772e-18 -7.156027180094052888e-16 8.003715134039658195e-16 4.819013602952548131e-16 -1.931043194832161691e-15 3.908592516802026486e-17 2.616742582729321791e-15 -1.394278611822527341e-15 5.275918294245109082e-16 -4.999955289660776555e-15 -9.831751143921219554e-16 1.222742557176161158e-14 -4.038709376813242368e-15 -5.684406631060217066e-18 -4.355457572575483063e-16 4.170458553565058160e-16 4.847982329012938498e-15 1.112203829369859889e-16 -9.420954444536730946e-16 1.652635755149858077e-15 -7.330946365823143616e-16 3.333651680044490017e-16 -1.593596999147756733e-15 9.839683962094343913e-16 1.153744254655101050e-16 -1.022148741317751007e-15 6.600239511701642224e-16 -8.948093527402313752e-16 5.852691430395725444e-18 5.391543669370313843e-16 -7.384398190263280135e-15 5.125916892813024217e-17 -8.197114711971064752e-16 -3.595539213567462704e-15 1.374073268187730776e-15 9.764243348091297858e-16 -1.516177601956313371e-16 -5.139619382097141550e-15 -1.251019242282864164e-15 -2.812175628762240431e-16 7.334589469417695645e-16 -5.838808215408391946e-16 3.993814012985776379e-15 -3.688869137281302596e-15 -3.242737135105147305e-15 1.481404779898520242e-15 2.750373614222295857e-15 -1.512970422226413703e-15 1.135390330548376299e-15 -1.630468734238311485e-15 -8.281956173444067789e-17 -2.028504630588682404e-15 -2.554237834917359387e-16 -2.077735559358646828e-17 -1.912599273213432580e-16 -2.814199787469548483e-16 -2.437781366198412435e-16 -6.060116265466081637e-17 -6.401638395836140022e-17 -1.842264461755702456e-16 1.799146719217121231e-16 -4.490567610814622690e-16 1.599986658703859380e-16 -2.722539450333690047e-17 -5.317335755021130714e-17 -4.280595777313894696e-17 -1.075163941869829566e-16 -1.460794361635370643e-14 1.252853620105307020e-17 3.772674371870657251e-15 9.327206464080713764e-15 -7.727533278994790603e-15 2.091062681253838412e-15 -3.772423657894945189e-15 -5.342370772186681343e-15 -1.775094594777005567e-15 4.959474464853492249e-17 -6.655531479553920089e-16 -3.331665937385158814e-16 4.212980315437101536e-15 1.772884927223447876e-15 7.653677966682919693e-16 2.933585114976856497e-15 6.466793527743669733e-15 -2.107206726818714159e-16 -2.819795222240688265e-15 1.043324031333141467e-14 -6.675946982278242613e-15 -9.091589217841111765e-15 -3.520942481297910406e-15 1.033860196196128891e-14 -2.940714576376075531e-15 3.106031959321257123e-15 -7.808442802005506701e-15 2.492561264911716394e-15
