1.434915955812062086e-15 4.030251521092884335e-16 4.760663341977422962e-16 -2.716944346282114660e-15 2.390419252071167950e-16 -9.547684443947754763e-16 2.873923369538526085e-16 4.934463383378020628e-16 -4.743734583887141532e-16 -1.065662028571780618e-15 4.481130925081668143e-16 -1.050754584878452167e-16 6.848317418462604257e-16 -4.836860234297905760e-17 -2.166858575224496582e-16 -1.227240531763765684e-15 5.350755291727059770e-17 3.031293175089162797e-16 2.650034279067472249e-16 1.011102328047829437e-16 1.514274195564020951e-17 -7.726111226911527718e-16 9.702241518836997139e-16 3.328626289906159193e-17 -8.268146210505611228e-17 -1.367107667621717558e-15 -9.777327671878174757e-16 -8.412250729227126584e-16 1.087829806718988067e-15 3.190489710249812877e-16 -8.185691203194824225e-16 1.284513300991866131e-17 -5.938203096836924119e-16 -5.801475656056849524e-16 -6.444480638854453499e-16 9.918690971567265584e-17 -2.058066028264643524e-15 -1.017236390474051168e-15 -2.881858894417847232e-16 -1.121208787619529932e-16 3.665620190888927673e-15 -3.941505987412829349e-16 2.675791010083782124e-17 -8.839799243049374496e-16 -2.288110878083687018e-16 1.286329624024374311e-15 -6.581222012381386195e-16 -1.226096510226592093e-16 -8.345288886018291702e-17 -5.319134391822901272e-16 4.029072858627449463e-16 -7.322847166329911589e-16 1.612163725505579939e-16 -5.175331104498968140e-18 2.674262813753086003e-16 -1.388532521390675857e-17 1.498200311326719348e-16 1.187834922395928131e-17 1.476247253004165076e-16 -2.566843538220263699e-16 -1.439854040937617323e-16 2.894412697678788558e-16 -1.815245443868665975e-16 -8.035214568167817428e-18 3.736922677376541345e-17 5.057547681800493651e-17 -3.476903880824803747e-17 1.638802959245725257e-17 -1.048709158726027788e-17 5.657355359316790829e-17 -1.662299758326148799e-14 7.113348365744909873e-17 -2.126473224856748609e-15 8.167764975600463872e-16 2.061429229905642959e-16 7.675080906739677225e-17 -1.560769789614821856e-16 7.313605019958511481e-16 -5.248819515797610212e-16 5.830752432840158883e-16 3.783504770148704202e-15 -7.278303269094626470e-16 1.153484225728614601e-15 -5.445016783202734120e-16 1.308723610234353057e-15 1.838391348189858353e-17 2.469208961261270193e-15 -5.273384025757644670e-16 5.258131332458265330e-17 -7.384105406845173893e-16 -7.669437706402758633e-15 2.100298932297802353e-15 -2.094927557830740535e-15 1.474783133750026331e-15 -1.966019299759255699e-16 1.860379098773614584e-15 -2.783122603434660224e-15 -1.977755226100913312e-16
4.030251521092884335e-16 7.357380498392072904e-14 -3.908895775750369468e-16 2.165546736031697981e-16 1.950696264969475577e-16 -5.684854984030171208e-15 -5.875904816294327286e-15 -7.086983664661891029e-15 -3.135007784528054536e-16 -7.652647103659404201e-16 1.750244214346254252e-15 -3.959618219034533415e-15 3.366883074898531102e-14 -4.451711344400230303e-15 -3.623293887763470316e-15 -1.534734857773586532e-15 3.211608173751144115e-15 9.126774587173898074e-16 -1.133078206601504578e-15 -6.529529093142723620e-15 1.136523114317969013e-15 3.538286973008026724e-16 3.953274503166347672e-15 2.430518355458135507e-15 1.707567431047177280e-15 -3.515500927995803281e-15 1.606271571836196110e-15 2.318890789037006682e-15 1.665034265920572850e-15 -3.008938643670921021e-15 -5.346256458870596712e-17 1.468694801024359090e-16 -5.386953689262355718e-15 2.739881762647318039e-16 6.729670575429596935e-16 -1.514967533036993290e-15 1.463376848413167459e-14 -4.801679043264533429e-17 2.726507487550763458e-15 2.385539665650257618e-16 1.196385134139923996e-14 -2.237459112471395545e-15 3.021812018092878394e-15 -2.933151834331757909e-16 2.719191986155279452e-17 1.039865729191003788e-14 5.317762963618046756e-15 -2.486893827462448493e-14 4.274423033939225832e-15 -2.521747018795703396e-15 3.240266959666071480e-15 3.099099515259310706e-15 -2.276967901065493503e-15 -3.918944447319118655e-16 6.822830675835512119e-15 1.317048052792158363e-16 2.173576887304392993e-16 -3.110673825854766506e-17 1.164318330772607077e-15 6.696193677548870110e-16 -7.461858380883528131e-17 8.243217039210161111e-16 9.643708948595973442e-17 -7.175476717411143491e-16 9.795698710278747489e-17 2.229096101185433889e-16 3.896976099642404058e-17 1.269855017814406676e-16 -1.076829793051551552e-16 -3.902269459988427017e-16 7.979710563892844711e-16 1.748032791478431653e-16 1.045275623220959600e-14 2.218523285111909353e-14 -4.131531350243964759e-15 -1.008916362430180227e-14 -6.244699262096776529e-14 -1.023214627783714296e-13 4.967275168048817049e-15 3.123864304797021213e-15 -7.059272381435179764e-15 -5.030729374554006953e-15 2.983934556873825407e-15 1.085862594234159421e-15 4.948515813071124013e-15 -5.650294223122413014e-15 -4.829648981237262936e-15 -1.803057953922999888e-14 -5.204421872129830500e-15 -9.257752630016748036e-15 -1.127046645332217583e-14 -2.559668424965785373e-14 1.517363795896135117e-15 5.887246278221762610e-15 7.280745749334537455e-16 -9.967947491649778977e-15 -8.276165975460425446e-15 -7.757079474810691837e-15
4.760663341977422962e-16 -3.908895775750369468e-16 8.012128097965749237e-15 5.740682253800161910e-16 -7.675795468528749154e-17 1.369000247964962027e-15 -1.797699175250825971e-15 1.955692631415095402e-17 -1.016785575261259401e-15 -1.163898880773760573e-15 1.650453669247731401e-16 -1.102451248375436782e-15 5.269798522543445360e-15 -2.771167024815582234e-15 -2.489895525857167294e-15 -1.505193958620909211e-15 -9.962888202624881455e-17 1.424164490577508140e-15 -2.033199554998622812e-16 -2.476038084427829766e-16 7.796535373143233552e-16 -5.550647458356574400e-16 3.166550831819017696e-16 1.047472319988578295e-15 1.345423716678772526e-15 -3.008168577217448945e-15 8.325759020157922066e-16 -4.741422902076972463e-16 4.412458346309656046e-15 -1.141434400725389441e-15 -8.569559483378230025e-16 -3.565547879243014314e-16 -6.086677428140873560e-15 6.426673992777261369e-15 -1.493847343076406160e-15 3.662191638239548377e-16 -3.568808628630060951e-15 -2.685645115108781215e-16 6.045467692827846472e-16 5.359780022315681235e-17 5.517366417651768370e-15 3.045346148839863659e-16 -3.749592858942882342e-16 -1.833723043346846116e-16 2.890052674703978472e-16 3.710522305415982992e-16 -2.965067127191176736e-15 -1.439605936557669833e-15 -6.742401847087950072e-16 1.714971753024684817e-15 -3.323619320912995151e-15 1.446844253022495199e-15 5.312411166989702509e-16 -1.771165871510405794e-16 6.086169928628368953e-15 -2.512735181745056527e-16 -3.562432995279195959e-16 -2.311640585658610328e-16 2.144574673974757915e-16 -3.328738401499815605e-16 -4.533039342879084461e-16 1.277718211215837304e-15 -5.075396630332792620e-16 -1.028618890789965006e-16 -1.618907938170847647e-16 1.790360175001393311e-16 3.556701429058486280e-17 4.060797485131038421e-17 -3.466515339414725086e-17 -2.176986351906894895e-16 -1.338725895848280583e-14 -3.507784331500664754e-17 -1.101883695177066728e-15 1.440624047798350339e-15 2.837949744480593019e-15 -7.305291413195346543e-16 -7.854659242097121890e-15 -1.081274571987060119e-14 -4.647896782826039209e-15 1.547932919460310827e-15 6.405451078996006261e-15 -8.718261537625737634e-16 -9.492920204072116957e-16 -1.201405639087717791e-15 1.813197868881003615e-16 1.619812139388922503e-15 8.016041909211236561e-15 -1.078857463458725777e-14 -2.074048008934557274e-16 1.955671629391334438e-15 -1.631688554602096428e-14 -6.779627981454361765e-15 2.388779896657060072e-15 -2.927770006837206801e-15 1.736420852152990778e-17 1.448813776705912890e-14 -1.480412104777970232e-14 1.019645949655704273e-15
-2.716944346282114660e-15 2.165546736031697981e-16 5.740682253800161910e-16 8.340724351153458747e-14 -5.078758457195895302e-15 1.860965189672951386e-14 -9.152825023264699455e-15 -2.707295407668925562e-15 -2.900655551643978727e-15 2.738791505068222075e-15 -2.314652264070516591e-15 1.222089611059066646e-15 6.138958663043953230e-15 -9.697410084067254731e-15 -3.741387801804170093e-15 2.397169754081440408e-15 2.277767244811538010e-15 -2.415521431157262490e-15 -6.413970197218309541e-16 1.760793863525450010e-15 -7.337957738481496634e-16 -3.488894384044893540e-15 -2.596006846230768882e-15 2.064968819281319634e-15 1.355588497687606387e-15 -9.791259937487990858e-16 3.287943617999057545e-15 6.401017650364252242e-15 -4.971832413280873029e-15 -8.178865333386809197e-16 6.055508239309281263e-15 1.699003982747470432e-17 2.223467763584965592e-15 1.051879925115336414e-14 -5.563881361143690294e-15 2.799734540651907364e-15 -1.637461107782581055e-16 3.797601338351705682e-15 6.753035833344326296e-17 5.880574904225596477e-16 -2.194637325876679297e-14 2.148147350580973271e-15 1.209182800834456618e-15 3.514850293312167660e-15 7.787359925280622874e-16 -1.537073853496626400e-14 2.061370897172969708e-14 -1.931041668276328285e-15 -5.613181099375911657e-15 -7.478093806581148722e-15 -6.683952153652984190e-15 6.759552109351475452e-15 1.795819143717187841e-16 -1.132545890858380242e-15 3.156964174990317092e-15 7.290177088189968116e-16 -4.967833875821647343e-16 -3.631112996972870623e-16 2.716730921595047762e-16 1.862691487442993390e-15 -6.143483355166062889e-16 8.514362787479464631e-16 -3.939063803877462325e-18 -6.171684217024906315e-16 -4.917839302606932446e-16 -4.131139617728911245e-16 3.185517927442287646e-16 1.711156232550093994e-17 -4.934485959099677613e-17 -2.251049739016621982e-15 -3.453670172855759247e-14 2.908370543210169876e-17 1.231018223763725783e-14 -2.893728818290109281e-15 1.087113472943810812e-14 -3.321870382952272898e-15 -1.572747111721351347e-14 3.221126851173391269e-15 8.097760046952340867e-15 1.567593285796861432e-15 -7.214094162790054931e-14 3.935408049898558937e-15 -1.349567403107633317e-14 4.264564291089827942e-15 -1.261088334054571792e-14 9.045657926812917459e-15 1.841633997764260416e-14 -3.028120593830777857e-14 6.123515679045201952e-15 7.695800957401090611e-16 3.915319775874315613e-14 -2.609863041543937833e-14 1.491844392288707667e-14 -2.937557415220677235e-14 1.527434779839455741e-15 1.604681420048157213e-14 5.110006492084976946e-15 8.067448570453198256e-15
2.390419252071167950e-16 1.950696264969475577e-16 -7.675795468528749154e-17 -5.078758457195895302e-15 2.044365839972864848e-15 -2.097050140058588947e-16 2.225362784399883559e-16 -3.275329701492184410e-16 3.204487639627885597e-16 -7.797534330771979603e-17 7.752034934486821689e-16 -3.552059147472810167e-16 6.067568279274356059e-16 4.222153978135929184e-17 -2.220412034345119282e-16 -4.088556753999261667e-17 -2.342715450096320177e-16 2.972419199589276844e-16 -6.863724708960971505e-17 -3.563779767160135196e-16 2.924529199959833826e-16 -1.810241897483644803e-16 1.935308406100273043e-16 -1.085090968967603849e-16 -4.644671877291756749e-16 -2.288948039053149096e-16 -3.111153972438026350e-16 -8.075699360280652132e-17 -9.049710007492737038e-16 1.355680514080327532e-17 3.222268806461665373e-17 3.001084477658960135e-17 2.934267546135006660e-15 -6.569867202847905717e-17 2.695304808623832602e-16 1.231192019824800489e-17 -7.486549214184485736e-16 -7.302879310358181831e-17 2.252867969663269628e-16 1.089597072425793807e-16 -7.970962210200118089e-16 -4.508991784179107992e-16 -1.588128670848766288e-16 -1.462127705823285735e-16 -2.358950941237422235e-16 4.569287672794568124e-16 -3.197686476768819932e-17 7.422011664419892177e-16 -2.292925470399454504e-16 5.088730560055302952e-16 -2.590737395999918120e-16 5.398003072625289642e-16 1.751499411538510945e-17 -4.021769922353190063e-17 4.003633916456582774e-15 3.669612882566765300e-17 1.100108391664800726e-16 7.594979870175104177e-17 7.136003826530382558e-17 -8.735847350159901100e-17 -8.816522857031567664e-18 -2.327159423148539055e-16 8.329364622157287000e-17 5.926052406824391057e-17 -2.571297787962122196e-17 3.197520591459302431e-17 -1.280685353296449386e-17 2.020592552379088911e-19 -3.935907399781270457e-19 1.485614485864945653e-17 1.677324917409739975e-16 9.889925985353079044e-18 -1.017319679944011771e-15 -2.385081448418705074e-16 3.918009248787498676e-16 2.972866365216974605e-16 1.331183594267218834e-15 -4.325110013871985490e-15 5.005673826843929280e-16 -1.751715146102651857e-16 2.107550299076068009e-15 -1.284596067157399609e-15 1.362718420253222253e-15 -7.593849072064543354e-16 3.582975776422831601e-16 -7.227249114994987734e-17 -2.825051240147896626e-16 1.186900067164634922e-15 -1.538949608234600845e-15 3.475676070313255408e-16 7.657820231448329707e-16 -1.449499283021344088e-15 3.680843033255104678e-15 4.336732368986875833e-16 9.885648394847965704e-17 -4.779627654680135370e-17 -1.062363632066303510e-15 -4.417932402663825353e-16
-9.547684443947754763e-16 -5.684854984030171208e-15 1.369000247964962027e-15 1.860965189672951386e-14 -2.097050140058588947e-16 3.477318732811974551e-14 -9.424367223430325603e-15 -4.861841312347262619e-16 -9.432048919799463370e-16 -2.426684977260391105e-15 1.218792292213867539e-15 8.024195676291765746e-16 3.960997423689295717e-15 -6.892948766938639423e-15 -2.674014270999989132e-15 1.099978121566220536e-15 1.775086234918274311e-15 -6.656985317874626869e-16 -5.767547685668560638e-16 3.597929915457007324e-15 2.312700798886634697e-16 -5.676134314338823539e-15 2.031990579022768976e-15 6.578214705961680604e-16 4.880425211672734171e-16 5.695585376688761050e-15 -1.354955159663154930e-15 2.957570940248732856e-15 -5.642887974913304230e-15 2.986036332145041063e-16 3.457530122614187986e-15 -2.931941857575226276e-17 3.341362721780708174e-15 2.985114846630754977e-15 -2.503004995242105094e-15 2.484521575254189623e-15 -1.282293154364700021e-14 1.166479710990059117e-15 -1.362340400943917524e-15 3.996378392826010339e-16 -2.034598293521222054e-14 -3.267706880737851751e-15 -1.837067003929126683e-15 1.321049712216030083e-15 8.630384723176644621e-16 -1.990386872190289024e-15 4.607793206331172891e-15 1.568700170697864813e-15 -2.562856950291617968e-15 -8.471161265545559782e-16 -5.116697604627924420e-15 8.524963329976197480e-15 2.143278092381680270e-15 -6.849145833849937471e-16 1.152578557277535849e-14 5.662993887040102608e-16 -1.269993792197655166e-16 -1.324756613868358395e-16 2.830947943654180572e-16 5.628550486472623483e-16 -1.105721419433612306e-16 2.794542103384750856e-16 -8.156599605613460319e-17 -3.845403579430555726e-17 -2.024797734563178874e-16 -1.589540807606048240e-16 2.287324136986315280e-16 1.027366742274218875e-16 2.760061961296580899e-17 -1.252990428423733042e-15 -5.354956714345419656e-14 -6.464590528587724900e-17 9.058489405586659593e-15 -1.054890355833712385e-14 3.004122295879408700e-15 -8.309207142672612924e-16 -3.522409617050899957e-15 1.769495623294468896e-14 4.785741113700331282e-15 1.760476720162473360e-15 -2.384046906010900797e-14 8.461998083762518625e-16 -5.970547515228732203e-15 1.963014767213603902e-15 -4.995180473453376625e-15 2.406463701458140539e-15 5.714064544558283228e-15 -1.345070739354772924e-14 -1.443949353172036761e-15 9.301968865716044479e-15 1.669245526296393575e-14 -1.182613337015530357e-14 1.292904630629555455e-14 -1.301135763585960014e-14 6.676769723366943417e-16 1.024669472772493067e-14 -2.163300382744760148e-14 9.546633194431507877e-15
2.873923369538526085e-16 -5.875904816294327286e-15 -1.797699175250825971e-15 -9.152825023264699455e-15 2.225362784399883559e-16 -9.424367223430325603e-15 1.167195909710209719e-14 1.347647183497187466e-15 8.127087901191181618e-16 2.402480579395829020e-15 -1.433903031019250036e-15 1.309021197027239506e-15 -4.731373284881512703e-15 1.893997804214264573e-15 1.330637849288951601e-15 -2.662108303471304408e-16 -2.285542502488458178e-15 -2.379115231425327061e-16 4.448972363964318086e-16 4.774081492992162421e-16 -4.414052438664553706e-16 8.042855579317331317e-16 -4.029357696872011384e-16 -1.265789726199382991e-15 -1.508185657534478696e-15 -1.187217703856162742e-15 -4.859694193471776571e-16 -1.692159974783857904e-15 -2.596455174023807873e-16 9.789872371160740813e-16 -9.190677644496272981e-16 1.658079235695512534e-16 5.933447142004814189e-17 -4.912185734791799720e-15 6.501374651428976292e-16 4.760054083468985425e-16 -3.847156785782724916e-15 -7.514210452157837298e-16 -9.637490997874922078e-16 -4.037280465915870880e-17 4.539909258513143312e-15 2.456014803509024262e-15 -1.729100977703211807e-15 -6.251798211179925751e-16 -1.868348067403399082e-16 4.457805614401300873e-16 -4.295703953771560600e-15 1.439086647612111031e-15 1.290201792770677517e-15 -1.773411871187038858e-15 9.350380739749277680e-16 -2.560723394478309427e-15 2.604671105867517317e-16 4.501648945008022207e-16 -7.482982179396915409e-15 1.078234614597512864e-16 3.795071811860832280e-16 3.293397511593768312e-16 -4.054608231370185278e-16 -4.400112506026424459e-16 3.814326128421987794e-16 -2.873929185313805505e-16 1.038549826241917322e-16 4.406857972180476874e-16 1.691589474436899388e-16 -1.081839956039508961e-16 -9.541842038839244359e-17 -7.241479009129710618e-17 5.206660557369290167e-17 6.017917467802854586e-16 6.400065326436783859e-15 -1.374291452643896533e-17 -6.414724944924724656e-15 -4.139509179669187470e-15 -1.944773133147513275e-15 2.423559066655530763e-15 -4.367750393918674390e-15 1.664896850463178094e-14 -1.125595024903217315e-15 -1.416088777822446229e-15 8.336272167277588629e-15 1.118174870178018587e-15 6.988054699674233940e-15 -1.653022990831003277e-15 1.149566342681828227e-15 -1.003825055282986383e-15 9.336183884394622098e-16 1.146502133555491004e-14 3.389622868214015209e-17 1.205288636417639802e-15 -1.492213394217420660e-14 1.276372452878392105e-14 -6.351943201672345522e-16 1.596350085924273199e-15 -4.314783616051887754e-16 -6.359286778505852310e-15 -2.947938891902718439e-15 -4.077835154865769892e-15
4.934463383378020628e-16 -7.086983664661891029e-15 1.955692631415095402e-17 -2.707295407668925562e-15 -3.275329701492184410e-16 -4.861841312347262619e-16 1.347647183497187466e-15 8.740865148710961505e-15 -5.047703883188728672e-16 -2.435777865896180600e-15 -1.147959748471378141e-15 1.352872062906866702e-15 -6.927004690303731853e-15 1.001800427794296936e-15 1.204981245852905644e-15 9.028261103063900551e-16 -7.173543910357702364e-16 -7.447164897651518102e-16 1.701644335178804185e-16 6.235522886033996942e-16 -1.380529839131735907e-15 9.245808635936414284e-16 -1.976998652771452781e-15 -3.353498073360439889e-16 -4.251162486453547693e-17 1.436694369476412786e-15 -1.104532058120857245e-16 -2.265161165173087618e-15 1.461373651917174627e-15 4.344710706711051650e-16 -4.554579277634333820e-16 9.258771195187281597e-17 -2.818639370439653974e-15 2.975558497201004019e-15 2.411955588542423535e-15 1.367367473703678119e-15 -3.795978206672789147e-15 -6.776393621961526890e-16 -9.724295843119476124e-16 1.907243184389313707e-16 7.242829639514196835e-15 -7.754183873553419219e-16 -2.684007784273839160e-17 -6.858118470305925171e-16 1.192378252802547810e-16 2.286884992816336759e-16 -4.473747049417394973e-15 1.157008721299145830e-17 1.032699100893556712e-16 3.239358178874355222e-15 -5.558295630820517067e-17 -1.139359376599608316e-15 -9.692242855181108433e-16 2.934731730307317477e-16 -6.673447132789805136e-15 -1.364624468063679978e-16 -3.017013299335524304e-17 -1.415666373618563199e-16 -2.851111892639935594e-16 -3.940654032840166102e-16 -5.927961112573736788e-17 1.120074926767346002e-16 -1.907307225061077931e-16 -6.427496764290616210e-18 2.002312142049423505e-16 -3.141380383821086406e-18 3.974025053882653334e-17 1.260452682850897174e-17 -2.120895513998127278e-17 1.321992105378401417e-16 1.035594406592413957e-14 7.201573530876854096e-18 -4.536059727118574159e-15 -1.092513408507939663e-15 2.585173287492849724e-15 3.291139206018594275e-16 5.306967235725826221e-15 5.560027220062119101e-15 -1.448022907380056341e-15 -5.067822907419478452e-16 5.051530370959112272e-15 8.092479406854700947e-16 3.215262491926502512e-15 -5.988477374058456757e-16 2.562136509616497533e-16 -2.514074741773295991e-15 -8.208298721542540898e-15 1.206011436706690891e-14 1.972396963215418367e-15 -5.588340676955192820e-16 -1.247522982418766477e-14 1.742449354563476266e-14 -7.229182465082572448e-15 4.457384001495024668e-15 -2.277327607090404097e-16 6.163883260673358741e-15 -1.710651097518952875e-14 -6.040493181232971930e-16
-4.743734583887141532e-16 -3.135007784528054536e-16 -1.016785575261259401e-15 -2.900655551643978727e-15 3.204487639627885597e-16 -9.432048919799463370e-16 8.127087901191181618e-16 -5.047703883188728672e-16 2.967940953429950345e-15 1.266459817582732879e-15 -6.769071097012440932e-16 -7.511383754931016781e-16 -3.228260058465864442e-15 -5.503208309793195601e-17 -5.728199346512120723e-16 8.256069498070705327e-17 -2.395865301164513981e-16 1.467178072934236040e-16 -7.145537180557084954e-17 -3.749582047488734876e-16 5.927784420008847714e-16 3.028557795712787255e-16 -4.541423783161314181e-16 -6.550671523489388881e-16 -9.677754309447942064e-16 1.394225569448983011e-15 -2.733149231449430929e-16 -1.036952303210980807e-15 1.567684586472877343e-16 -5.186590379056499348e-16 5.323508388210506402e-16 1.782857961625485456e-17 1.597671594238845561e-15 -5.205696306380166623e-15 6.720138823472287426e-16 -1.146390823915789746e-16 4.166260929681177930e-16 1.409221333632585900e-17 1.907771476318828130e-16 3.322495308306140788e-17 -1.745258286669085311e-15 -4.425236141085604842e-16 -7.174477301236402081e-16 -1.331094816687840454e-16 -1.313782834414108671e-16 4.135984885357284981e-16 -1.958036946981324615e-16 9.383839335316982576e-17 1.014178410716659163e-15 1.208664277202023393e-15 6.343847102910581254e-16 1.374457526139311480e-15 5.126971288386167420e-16 1.741548510727863854e-16 8.313314652676462059e-17 1.497922421728581302e-16 5.860263334333377219e-17 1.334377801557569474e-16 -9.709294936229194624e-17 -1.433378377216713175e-16 1.882750778562023748e-16 -6.094905521291625714e-16 2.723250684922057092e-16 1.876512977715979716e-16 -6.101209945020369626e-17 -8.732480365336904286e-17 -3.517177136473665869e-17 -2.349544896504919842e-17 4.116096009982364790e-17 3.944490819208816271e-16 -1.308704085993203095e-15 -2.553891908690858223e-18 -3.499760176728302503e-16 -1.429639192081600839e-15 -1.889579492064208311e-15 1.817014375499202538e-15 1.937751571466470429e-15 -9.820187271766275373e-16 -5.926756900504944793e-16 -6.243912421718103439e-16 1.976618133412283421e-15 2.436781307792381718e-16 -6.503031008928174589e-16 -6.179994655659771130e-16 -4.576997400583753814e-16 3.853390349762413137e-17 -5.444406630743262641e-15 5.932412516516738163e-15 -8.829972228532720864e-16 1.037611943592008671e-15 1.537132696901358091e-14 2.555368655335639601e-15 2.624812910365228810e-15 8.502064517106675652e-16 1.854421431002917627e-16 -4.880324749357491255e-15 2.097375951259814528e-15 -1.195055987017200629e-15
-1.065662028571780618e-15 -7.652647103659404201e-16 -1.163898880773760573e-15 2.738791505068222075e-15 -7.797534330771979603e-17 -2.426684977260391105e-15 2.402480579395829020e-15 -2.435777865896180600e-15 1.266459817582732879e-15 2.356979151133785334e-14 -1.196524204832127557e-14 -2.892541373317057566e-16 -5.231464563715287338e-16 -2.201247051019979956e-15 -4.260841013807374884e-16 1.695267097844592157e-15 -7.767262716254296159e-15 1.220668888054298022e-15 1.213113219516367046e-16 2.002328899223062864e-15 -9.750490124533092143e-16 2.426349653091300391e-16 -1.285304501848410140e-15 -3.268490101779605682e-16 -9.180137939762283560e-16 5.373188989809888500e-16 1.780621317746780432e-15 6.396020788094112844e-16 -2.752436244099608065e-15 -2.455831618591186375e-18 6.047587842312064457e-17 2.204205285395587256e-16 3.389016649759122710e-15 -5.693913893601155902e-15 2.477004378029715975e-15 -1.483317968492233124e-16 4.301718332760989029e-15 1.317912616224498764e-15 -2.413005887203329518e-16 1.133733087204550164e-16 -8.105597971679814790e-15 1.804991244888730718e-15 -2.283257450188440938e-16 5.616008559040572164e-16 -4.397511378456040438e-16 2.244338123484634530e-16 -2.284507766376073016e-16 -3.383854366521133618e-15 3.344828574284512843e-15 1.187908622389454418e-15 -4.178444692106180377e-16 4.317060903075149236e-16 8.364471550371252813e-17 -3.478101095025001176e-17 1.254805698272139970e-15 1.286076758730795799e-16 3.439901556598579058e-16 3.339780270367279397e-16 -6.085468423247813955e-17 3.985234797000698870e-16 4.958880397862359663e-16 -1.148149578755032940e-16 2.119456209047180688e-16 7.161567974372602851e-16 2.122655114815211507e-16 1.305070790158554021e-16 -3.797804248028225308e-17 -7.965135287410313469e-17 -7.657919758983282103e-18 -2.296251932157858341e-17 2.761964661731328852e-14 -2.127594742868355997e-16 1.440665341177771944e-15 -6.459775534555661904e-16 1.788108226842312960e-15 -1.133264489221258582e-15 7.197035431177281745e-16 -5.499561086508743391e-15 -2.589646049970120025e-15 -2.202042456462997113e-15 -3.523464228923551859e-15 2.430192011608751048e-15 -2.635925122658808655e-15 4.115403807598431087e-16 -4.267673956458748434e-15 9.278330967300857252e-16 -4.627547012846818133e-15 1.523931698667461192e-14 -1.364614679525781046e-15 1.180009680011568091e-14 5.372582285979392713e-15 -4.107445620316385402e-15 3.439536947897162705e-15 -3.134972291666575672e-15 7.405086495078796982e-16 5.500189040025583664e-15 -1.528582917542728403e-15 2.251117511511375885e-16
4.481130925081668143e-16 1.750244214346254252e-15 1.650453669247731401e-16 -2.314652264070516591e-15 7.752034934486821689e-16 1.218792292213867539e-15 -1.433903031019250036e-15 -1.147959748471378141e-15 -6.769071097012440932e-16 -1.196524204832127557e-14 1.514432125331342613e-14 5.200552324659761303e-17 -3.946630918519578492e-15 1.764869742661611240e-15 -1.133501663912114934e-15 -2.087619672157236633e-15 -1.106379665415800009e-15 -9.214505298689072108e-16 -4.728079789296144126e-16 -2.849322629187434062e-15 1.233165798158245109e-15 -4.805158436590720713e-16 2.389955619520333410e-15 -7.570626757957333934e-16 -1.950314436876074352e-16 -1.672139635131135363e-15 -8.265463671486525485e-16 -8.284577000404891497e-16 7.571387878491414887e-16 -8.058226246997276573e-16 5.137910260987317062e-16 -1.773540175161826226e-16 -1.595569852672078605e-15 -6.842362649396660774e-16 -4.206259613108506160e-18 -1.101733574886531435e-15 -5.902497408332623595e-16 -6.025850768984486881e-16 1.955534158593381269e-16 2.506567314473993996e-17 -3.420042390100510166e-15 -7.023091075358475456e-16 -4.063637198466460130e-16 -3.542811180030227335e-16 7.076590139273887117e-17 -1.516837458143271634e-17 2.932275092827432978e-15 3.228107486076260257e-15 -1.214144487452657128e-15 -3.353307450771364481e-15 8.113899563813361354e-16 6.736388075416192704e-16 -1.493893275249934264e-16 -1.798062458491502829e-16 1.406690006514876798e-15 2.203138396136988560e-16 -2.162348771093672714e-16 -1.588846012967724284e-17 7.004695324397903948e-17 -1.350647658910910905e-16 -2.538639544287746699e-17 -5.117686240055893384e-16 8.530364480145487513e-17 -3.815921766615254696e-16 -1.743102125509933520e-16 -9.966529307043895056e-17 -3.444292574263171062e-17 3.486802082622872775e-17 4.585368820719895840e-17 8.884871713579866109e-17 3.332383465900675325e-15 3.523440037234345456e-17 1.147923640006589217e-15 -3.557622181396734355e-16 -1.962996957432855614e-15 4.859182521372896784e-16 -1.788081720495216647e-15 9.697153882616536744e-15 2.224962262586912904e-15 1.407766025474962819e-15 -3.217316628780215346e-15 -1.614376118268354785e-15 5.944507453585644673e-15 -3.265569120252766606e-16 6.869122181223245274e-16 -1.343838723299565347e-15 3.609662900088028828e-15 -1.028572004312680818e-14 1.010783251535266337e-15 -2.202249560465331221e-15 7.904273247154984542e-15 -4.610566265325939356e-15 2.087844435143988820e-15 -1.461682503418327635e-15 -4.598452146420670269e-16 -1.107785743491169193e-14 -2.978951120210238349e-15 -7.971434018776020092e-16
-1.050754584878452167e-16 -3.959618219034533415e-15 -1.102451248375436782e-15 1.222089611059066646e-15 -3.552059147472810167e-16 8.024195676291765746e-16 1.309021197027239506e-15 1.352872062906866702e-15 -7.511383754931016781e-16 -2.892541373317057566e-16 5.200552324659761303e-17 3.497248268628183603e-15 -7.921854695518565876e-16 7.367931140066717900e-17 6.638364031103071324e-17 1.723309047224678044e-15 1.861423609714714541e-16 -2.279988778023955517e-15 1.421445899924857944e-16 2.301829985329457281e-15 -4.541996443274768789e-16 -9.790825676658833054e-16 -2.392202208746796828e-16 -7.585105074401182399e-16 -2.509172968097512797e-16 2.885436393932487847e-15 -1.170396796810629474e-15 -3.632215434743865755e-16 -1.918720504308879803e-15 7.567435493903749958e-16 7.354127777628471180e-16 5.078442671795840327e-17 -1.981301183539870384e-15 2.106105913443004342e-16 -4.278480362191982840e-16 4.797406687019672056e-16 -1.446113968422459449e-15 -7.898917952915194057e-17 -5.929360281735096723e-16 4.827424161832554179e-17 3.105055209945404205e-15 3.109395686105541510e-16 -8.280879273458041103e-16 -1.480644302665984272e-16 -5.730230627965681376e-18 -4.123540573741707141e-16 4.206065404226945765e-16 2.995100674758159871e-16 1.329970447511952537e-15 1.683941326037341306e-15 3.214300809513769153e-16 -1.134028304742993376e-15 4.690773514369125111e-16 -8.125528465944946725e-18 -2.026379929861818408e-15 5.034274525464481849e-17 -6.857064737337401198e-17 -7.933858830530129042e-17 -2.789615900943011826e-16 -9.805065461889163675e-17 2.574418215851570868e-17 -2.368700207414313707e-16 1.769854021837345951e-17 -7.437564701039409043e-17 6.465547249565676720e-17 -1.026118474212657949e-16 3.841626601696455768e-17 -1.053447169292455918e-17 2.899105891435982082e-17 1.549757250831323675e-17 -1.156922760638395005e-14 -3.069444263429325289e-17 -3.730057772703851142e-16 -6.178563028474543583e-15 2.482564055618561922e-15 2.286539132599438317e-15 -1.961350892287084911e-15 1.268254496042850163e-14 1.980058512988382154e-15 -2.651446170237473778e-16 -1.915777517050967943e-15 8.848281606392897802e-16 -1.455247798204837884e-15 6.995128581687118470e-16 -8.972834529828862421e-16 5.768078796440904993e-16 -4.207423951308539711e-15 1.374508044313672554e-15 1.464502517591233907e-15 1.005172758932014289e-15 6.467095856204352038e-15 8.338678492367343492e-15 -1.526179151261317429e-15 -1.507108210794528946e-15 8.176367133214478962e-17 1.386137048694066228e-15 1.210555199938805268e-15 7.892212781869971456e-17
6.848317418462604257e-16 3.366883074898531102e-14 5.269798522543445360e-15 6.138958663043953230e-15 6.067568279274356059e-16 3.960997423689295717e-15 -4.731373284881512703e-15 -6.927004690303731853e-15 -3.228260058465864442e-15 -5.231464563715287338e-16 -3.946630918519578492e-15 -7.921854695518565876e-16 1.501626850966831998e-13 -2.745007274584143480e-14 -8.043687830924901499e-15 7.277154136533686386e-15 4.585832163915998833e-15 8.179758943940093597e-16 3.514738091490304725e-16 4.870292303172172287e-15 6.287317770938399136e-16 -7.274112415057767241e-15 7.898121196612768555e-16 2.629578928964633295e-15 5.839495186935439078e-15 3.421379749880320766e-15 -3.629260484376191714e-15 3.655817106535419184e-15 -4.079340673984059582e-15 1.810275008264521405e-15 3.176542861157617899e-15 -1.747397260794668899e-16 -2.744267179241032461e-14 9.662137432401945896e-15 -1.015133494224084847e-14 -1.211368425483746948e-15 7.333746469741658650e-15 6.403219952602386606e-16 2.003293274095192378e-15 -4.110882446672059722e-16 1.558666687900621224e-14 -6.064764114122884899e-15 1.945229793370921663e-15 6.307308722548815269e-16 -6.441667365695902019e-16 1.098395903238494393e-14 -5.310495810290448898e-15 -7.546875069166788719e-15 4.033039643655952023e-15 2.144916658241451197e-14 -5.001945929210750087e-15 -1.625585743631712113e-15 5.287268511247857945e-15 -6.897623156997331004e-16 1.180293629037248349e-14 -1.012773613819358453e-15 -7.822854396173608188e-16 -7.570478753838500857e-16 9.909937429458644528e-16 8.597615618236452849e-17 -6.654896525140761933e-16 2.346461837481103957e-15 -3.183756137240629036e-16 -1.078576925185010786e-15 -3.944906639594766940e-16 4.074413823969480113e-16 2.101072319378868148e-16 -3.666276831272494601e-18 -9.309553323080443039e-17 -1.375580407980019579e-15 -6.743647450558594441e-14 -1.534160518319741034e-16 -1.549368209292532478e-15 7.026081377893843364e-17 8.018576426570472259e-15 -2.071807312648073655e-15 -4.043008955859543068e-14 -4.561353828437566113e-14 4.182099724033122284e-15 2.919471249236201461e-15 -2.525625686391048102e-15 -3.333081477585456757e-15 -1.257707019807996998e-14 3.341076191424948784e-15 -2.848938166901042407e-15 2.090327742533538934e-14 8.940203544082298936e-15 -2.256129559031163083e-14 -8.996990093169162177e-15 -2.656958425827530053e-15 3.578159890831104967e-15 -2.135954493329295615e-14 -4.111478409323445864e-15 3.560049984499014100e-15 1.482765780459636909e-15 4.060972127672402760e-14 -3.290855860443235965e-14 -9.108264040047647474e-15
-4.836860234297905760e-17 -4.451711344400230303e-15 -2.771167024815582234e-15 -9.697410084067254731e-15 4.222153978135929184e-17 -6.892948766938639423e-15 1.893997804214264573e-15 1.001800427794296936e-15 -5.503208309793195601e-17 -2.201247051019979956e-15 1.764869742661611240e-15 7.367931140066717900e-17 -2.745007274584143480e-14 2.715964186390165807e-14 6.822831415906071649e-15 -1.892375981372295854e-15 6.759695158662282469e-16 1.069003180296075014e-16 2.937482504389463766e-16 -1.961132972197489431e-15 -1.593250148961995105e-15 5.380234870731140912e-15 1.410943289456482139e-15 -1.532116980203439819e-15 -4.713014178307258203e-16 -3.322474630381603656e-15 6.074254915536474669e-16 2.709920675359437314e-15 -1.416536093459569273e-15 1.815286372616118967e-15 -2.831684048666888135e-15 1.613657838975110896e-16 7.750874563910688432e-15 3.613191381059819239e-15 -1.603943781333192972e-15 -3.533315870913541502e-15 1.569963146930256216e-14 -2.754358239186567432e-16 -3.998395017509127671e-16 -5.303031659500731912e-16 1.493686940976153463e-14 -1.160329122171108331e-15 1.795851190266075256e-15 2.610007776116676581e-16 6.353698910036995092e-16 -2.920526655461937776e-16 -1.828873833980947683e-15 5.671592875467895296e-15 -2.248191933135757993e-15 -2.688701428071574125e-15 2.201154151793037376e-15 -1.135590992134403398e-14 -2.030827642808703299e-15 2.223209457183011518e-16 -1.000768394997979434e-14 -4.341672991231297348e-16 2.730915961729441898e-16 -1.802853527766056854e-16 -4.302242454355752606e-16 4.202769757633610751e-17 8.327049241438828381e-17 -9.030486107118929349e-16 2.642731544383761256e-16 -1.037418767495269698e-16 1.691294290145158377e-16 -7.874000650725897711e-17 -7.813325271818151537e-17 -2.854714030030218905e-17 -3.355402878934656982e-17 5.206538798632051897e-16 2.302350959096995512e-14 1.343105022003660902e-16 1.787953135128417504e-15 4.329538515662260575e-15 -6.690342752379975269e-15 4.519567258728577788e-16 -3.152713047694047309e-15 1.271584402966636590e-14 3.765916224045485557e-15 -8.796588220170227652e-16 9.230116819894653907e-15 -1.883493895273759043e-15 4.273764973567643306e-15 1.402945648871854598e-15 6.316649661486012651e-15 -4.115725251780417640e-15 2.847169984287410189e-15 1.469232862106177415e-14 2.569582319994590595e-15 -1.073332684051708037e-14 -2.228661280597985573e-14 7.883913411099762948e-15 -1.202355377193983699e-14 8.311249969053105322e-15 -1.220248897859551421e-15 -1.623572951361761448e-14 4.922042262964962459e-14 -3.335358712399636049e-15
-2.166858575224496582e-16 -3.623293887763470316e-15 -2.489895525857167294e-15 -3.741387801804170093e-15 -2.220412034345119282e-16 -2.674014270999989132e-15 1.330637849288951601e-15 1.204981245852905644e-15 -5.728199346512120723e-16 -4.260841013807374884e-16 -1.133501663912114934e-15 6.638364031103071324e-17 -8.043687830924901499e-15 6.822831415906071649e-15 1.665051735760485925e-14 -3.493526195534456109e-15 -1.372641656210639049e-16 -3.290225561702516876e-16 6.582998845318974222e-16 -8.463825732861983908e-16 -3.362478765933031928e-15 5.466154244669393040e-15 -6.286395985657035232e-16 -1.241489696696302435e-15 -4.928012456647371063e-16 -2.900174456997589414e-15 2.212799641089277331e-15 3.281397927599685209e-15 -1.224135729816246476e-15 2.364832380399998407e-15 -2.288057180670223387e-15 3.664609668300442629e-16 7.521145552145268935e-15 1.106635017816203576e-14 -1.659749092063770536e-15 -1.823923038897342956e-15 1.207708143244318500e-14 6.453013592849027224e-16 8.145408418695336955e-18 -4.158792268227930930e-16 1.638656560388397240e-14 -1.241721103052624466e-15 3.013542850308974665e-15 3.681135949196902361e-16 -2.718835332764049368e-16 -2.100634081121654927e-15 -1.208455672046970699e-15 4.594096475741690266e-15 -3.084913603682401929e-15 -7.596060587848510968e-15 2.872350488687015308e-15 -4.764677369090330992e-15 -4.598428890175368770e-15 2.400978497897038221e-16 -1.123313109011382096e-14 -4.854711353185506821e-16 -4.514350114319558274e-17 -2.310024241240479277e-16 -3.159836861899263546e-16 3.895729398957055880e-16 4.582398229916390798e-16 -8.780396767112820994e-16 1.045954774316940892e-17 4.772770774732697520e-17 1.524120447168496412e-16 1.610485880952871169e-16 -5.869436048113727522e-17 -3.802975282181885092e-17 -6.972582874291139468e-17 -1.402285867018737960e-16 4.123091563014179838e-14 1.507926666937854183e-17 -4.591687840978732493e-15 1.001810274942228277e-14 1.343871941065732278e-15 -4.530553951929438903e-15 6.353459479907441171e-15 1.944468944331643527e-15 3.651439897153774911e-15 -2.078921280086637470e-15 2.901801951212510354e-15 5.535783295858961643e-16 4.063723422624009988e-15 6.468514791696859127e-16 1.411571812345797068e-15 -6.364038007379659990e-15 1.410753614087598781e-15 1.509351978544215497e-14 1.893460868109283078e-15 -4.136120444841386662e-15 -2.993683609786316025e-14 7.444538823220733978e-15 -1.475636528113022593e-14 8.257271531627027085e-15 -1.194883980832785347e-15 1.158183352718151945e-16 1.311621969052802959e-14 -4.024819402396162536e-15
-1.227240531763765684e-15 -1.534734857773586532e-15 -1.505193958620909211e-15 2.397169754081440408e-15 -4.088556753999261667e-17 1.099978121566220536e-15 -2.662108303471304408e-16 9.028261103063900551e-16 8.256069498070705327e-17 1.695267097844592157e-15 -2.087619672157236633e-15 1.723309047224678044e-15 7.277154136533686386e-15 -1.892375981372295854e-15 -3.493526195534456109e-15 1.404912679563969141e-14 1.120969197281757584e-15 -2.271737332907143142e-15 -7.962948992325784096e-17 3.272045307018671437e-15 -8.725889261603506334e-16 -2.399112020200611745e-15 -5.751786973859794727e-16 -1.739818912350118880e-16 5.432586128904615500e-17 6.795924829297467412e-15 -6.871885128650918297e-16 1.231368330788960533e-16 -4.526620281471979079e-15 -7.769883001511159110e-17 2.175894692532127431e-15 1.347273017541571489e-16 -8.235558003911771529e-15 2.607406423263172196e-15 1.293821899380774207e-15 -4.074566066231461848e-16 1.907329073978101243e-15 1.144285958480291652e-15 1.931329083440519942e-16 6.008203718036687080e-17 3.934399876928007032e-15 2.568560716270462894e-16 -1.404560710338474340e-15 7.219825026036172669e-16 -2.970348358830116356e-16 -1.028614055215369996e-16 -6.618855609544353583e-15 -1.679279333332167265e-15 2.660402462078404679e-15 1.114132232900227135e-14 1.249781170793748345e-16 -1.828600855099318788e-15 4.825964640719902686e-17 8.934003768837192928e-17 8.432910139835386790e-16 3.191921682559363114e-17 -2.226897454456803517e-16 -2.644459899842402305e-17 -2.500427878965956366e-16 3.321485578185092434e-16 1.673424752969963161e-16 -3.167636579213973432e-16 3.364587570682699115e-16 -4.439996681775315071e-17 1.420543878171380987e-17 -2.643307924304240367e-17 1.094361186342178921e-16 -3.785864109016023151e-17 5.679776225323552706e-18 -1.814572752076213043e-16 1.024032414683598379e-14 -1.060859793480725395e-16 4.355149601822924876e-15 -7.472000713226776960e-15 -6.672543251154248761e-17 2.964750820331193150e-15 3.136997763118153281e-15 3.291077453143557351e-15 2.695184298067344977e-15 2.127895399765995126e-16 -8.214495665558374343e-15 -5.211703784270406186e-16 -5.861126724677891176e-16 1.291441175697033870e-15 -3.653849516395216562e-15 3.283940467353867645e-15 -1.314394440360378912e-14 5.862715191678494863e-15 2.030200776715377342e-16 3.894384540111223035e-15 2.004497719800628884e-14 6.884326155175994365e-15 3.269589551769952251e-15 -2.462936291610607863e-15 6.270001570749012026e-16 -2.051711018670136094e-15 -5.938610971428869574e-15 1.217958436433268619e-15
