1.431741491875328262e-15 4.180624202199773061e-16 4.955274989889372359e-16 -2.682995961630625535e-15 2.305253348583712880e-16 -9.299454982311238566e-16 2.824399312399446591e-16 5.055850788641349557e-16 -4.743339365810417709e-16 -1.066070660331317897e-15 4.417515820731935526e-16 -1.114541285872909674e-16 6.397594750009038988e-16 -5.427960239916092274e-17 -2.127774712039398811e-16 -1.237622131680561064e-15 7.837574632377272399e-17 2.999492095624953429e-16 2.605993260882635044e-16 9.125821310490944243e-17 1.565566929234783354e-17 -7.705916155978934272e-16 9.671994609219033982e-16 3.223891137840975491e-17 -7.064043852885548667e-17 -1.341087962592583514e-15 -9.634752110364548632e-16 -8.611122354879619391e-16 1.153755306659003370e-15 3.040979529645847158e-16 -8.039931276049123904e-16 1.211856166535592993e-17 -6.676218294305660364e-16 -5.466316714706997778e-16 -6.121441663345072793e-16 9.075590445697977364e-17 -2.041384344413903620e-15 -1.014162252443330288e-15 -2.883942004390318312e-16 -1.094212901457904938e-16 3.600093647801928845e-15 -3.854639471762036452e-16 1.738157453310855781e-17 -8.827168553797351063e-16 -2.268210442347615000e-16 1.347758517164818429e-15 -7.137347508426130946e-16 -1.704348828855759317e-16 -9.036917130509464072e-17 -4.407663289456924602e-16 4.101565939422167718e-16 -7.178073633534780838e-16 1.708773671651866834e-16 -4.167843475552598722e-18 1.921861027884343285e-16 -1.394600316108192368e-17 1.496509238757700982e-16 1.145327359615991525e-17 1.485430585528492239e-16 -2.554992643645315147e-16 -1.447568942924427988e-16 2.952687350675159372e-16 -1.823295206609272244e-16 -9.529634224394488257e-18 3.877374188954527984e-17 5.099679700705531579e-17 -3.422131078783553048e-17 1.656681824285613369e-17 -1.098865660334821381e-17 5.335010429285235799e-17 -1.657257867715897921e-14 7.026071339048101962e-17 -2.085054234412498854e-15 7.947438980838887709e-16 2.304850345351770046e-16 6.776848874920134312e-17 -1.720668092751241066e-17 6.315932038814672088e-16 -5.643738283752755285e-16 5.835879676558745307e-16 3.795970566094536546e-15 -7.179693438147805960e-16 1.164389660532641285e-15 -5.470748226317939586e-16 1.280710090148298595e-15 -2.325362580282923077e-17 2.390811006053708045e-15 -5.287820373410928588e-16 2.737316221419161943e-17 -7.382741667194986566e-16 -7.572368317936340590e-15 2.171082922747587185e-15 -2.055320114767610271e-15 1.517565590270067449e-15 -1.865005530028277531e-16 1.825413404634384657e-15 -2.944132989594898855e-15 -4.346585533617519595e-16
4.180624202199773061e-16 7.358232757032637023e-14 -3.763018949767964207e-16 -2.445672981297117592e-16 2.253304694246650748e-16 -6.026573059938691969e-15 -6.061489488635779356e-15 -7.145042340259824957e-15 -2.717042003434391152e-16 -9.065030445731732803e-16 1.900201660414916865e-15 -4.023764513088180318e-15 3.380067979086314406e-14 -4.318775771447115941e-15 -3.338781676444715410e-15 -1.731154570754579084e-15 2.864228991424171796e-15 1.002932982259149095e-15 -1.167740713619295795e-15 -6.659388451287579369e-15 1.202130519687590154e-15 4.552094589833054689e-16 3.933962696060512296e-15 2.392083065474935928e-15 1.693658510753537159e-15 -3.791666788035858744e-15 1.682110068512135580e-15 2.359690585787045918e-15 1.247826616906285950e-15 -3.042604325941636233e-15 1.305722774667979237e-17 1.597000843346574031e-16 -5.502974922185012437e-15 5.191401929281810339e-16 7.088835426014631385e-16 -1.632985081599259916e-15 1.512169878874036090e-14 -9.298818300874893594e-17 2.720069720810839056e-15 2.649880904538686482e-16 1.227741812866085356e-14 -2.479640246067347888e-15 3.135225416822921379e-15 -3.112748276693279046e-16 8.705366444259163410e-17 9.713914303273934594e-15 5.482857239745737330e-15 -2.484607570750339172e-14 4.049914255932178388e-15 -2.767493961454459146e-15 3.170998125595066965e-15 2.931682828010716267e-15 -2.425076617299551402e-15 -3.902680073848017969e-16 7.454284100285265673e-15 1.228273814148949730e-16 2.209838482156148162e-16 -3.346319766493755534e-17 1.174139413498125875e-15 6.680710579967523522e-16 -4.600262891331899172e-17 7.979022227053340867e-16 9.946605404555865750e-17 -6.988792181728713056e-16 1.049661210442763576e-16 2.248821779054462248e-16 3.323283952219414171e-17 1.269340638369347217e-16 -1.060170396221579591e-16 -3.823380763403596955e-16 -2.996769478584554447e-15 1.773850936520564894e-16 1.029605939797105963e-14 2.273984645860066051e-14 -4.157392651949627731e-15 -1.039304378924758592e-14 -6.196015942546677602e-14 -1.026663642713101837e-13 4.965028112200240828e-15 3.210666413238862527e-15 -6.792822528307267144e-15 -5.116602965960982283e-15 2.981210984222026559e-15 1.121998163269863187e-15 5.009279155335194269e-15 -5.836394043884976097e-15 -5.531211170506942516e-15 -1.681998626562710308e-14 -5.387181551997492668e-15 -9.303934716613598848e-15 -1.242763565869993053e-14 -2.596882157226920998e-14 1.213696620556332515e-15 6.143863502576346913e-15 7.171630896716381645e-16 -9.819117736473651837e-15 -7.477907113049302178e-15 5.725049665261695408e-15
4.955274989889372359e-16 -3.763018949767964207e-16 7.992768624302601364e-15 5.189750245324735110e-16 -8.286329888623269359e-17 1.401436487224926955e-15 -1.783805282900514691e-15 2.946345473819808366e-17 -1.003280442878746245e-15 -1.202186423604207431e-15 1.676909077999832955e-16 -1.102956421471601612e-15 5.262929181871985721e-15 -2.786972450332550583e-15 -2.443247957753039348e-15 -1.539787844597893845e-15 -5.755258095470263761e-17 1.419047938219923564e-15 -2.023142629693782286e-16 -2.708805051895476793e-16 7.822279833000027378e-16 -5.648326644980426421e-16 3.566816579663001253e-16 1.033470675545147934e-15 1.352681655522025963e-15 -2.981903067499931407e-15 7.960964627950130783e-16 -4.834316699943214276e-16 4.401466774109161367e-15 -1.144551467545008225e-15 -8.680488491038737178e-16 -3.562429733080226854e-16 -6.043106891778591302e-15 6.396921118431652635e-15 -1.523371060167044795e-15 3.840904330919626199e-16 -3.641546768269351950e-15 -2.843495882918165709e-16 6.012289136416560761e-16 5.836868535546579229e-17 5.604763616792738594e-15 2.935698492791634907e-16 -3.738025424698474343e-16 -1.985510271158914021e-16 2.761641896212286531e-16 4.611442722406461558e-16 -2.959251378441753452e-15 -1.410867948022836460e-15 -6.484432424990812231e-16 1.712378560304283464e-15 -3.292809370705035037e-15 1.474314787790693483e-15 5.311088825881807160e-16 -1.754446691403465144e-16 5.911219131874932253e-15 -2.537629769222907441e-16 -3.540853993358347728e-16 -2.290486820167022316e-16 2.085863723211297741e-16 -3.381981620837104963e-16 -4.522548786010571562e-16 1.272693827168396283e-15 -5.091150083286438403e-16 -1.085015625603955017e-16 -1.652881847145859595e-16 1.786548137145835227e-16 3.526375015415789929e-17 3.988678558250452425e-17 -3.335567219906209780e-17 -2.142623865428249896e-16 -1.382836982458376577e-14 -3.368534334614354588e-17 -1.086498471238139361e-15 1.467044881698530514e-15 2.851557100540630699e-15 -6.418625424027783926e-16 -8.024158916570601562e-15 -1.070647861752485645e-14 -4.651363942160510153e-15 1.542682041521942127e-15 6.518051065832079523e-15 -8.671691619473841027e-16 -8.567174062313698855e-16 -1.214476942585681066e-15 1.721811673722550019e-16 1.724018498836875114e-15 7.989103280086981176e-15 -1.066040097288068894e-14 -1.846937586572396094e-16 1.824547458627863329e-15 -1.639539787680532803e-14 -6.789177413917388673e-15 2.281990019168999947e-15 -2.894339650293717444e-15 5.259958446441036076e-18 1.443383672089881083e-14 -1.473888487971610878e-14 1.038983217718787378e-16
-2.682995961630625535e-15 -2.445672981297117592e-16 5.189750245324735110e-16 8.396344314314587444e-14 -5.083028639262002807e-15 1.889949691579276745e-14 -9.037701761964844837e-15 -2.777275707593017766e-15 -2.994730063251605411e-15 2.873100398552399625e-15 -2.496382020064550694e-15 1.231020931395058370e-15 5.990994858375646120e-15 -1.011622551027828008e-14 -3.711497811803015023e-15 2.255754725794597067e-15 2.811179740213966791e-15 -2.413556603568099460e-15 -6.120539554507504213e-16 1.802418971486037633e-15 -8.439298792296709273e-16 -3.610112344584129271e-15 -2.312386760459880943e-15 2.079445495338437420e-15 1.468470227268955396e-15 -5.165778551447176141e-16 3.087790689054948484e-15 6.560348535483424676e-15 -3.749768598617514603e-15 -8.156719680790793614e-16 5.887686608302219720e-15 1.029770342256819548e-17 3.398578011181632837e-15 9.914927527903436502e-15 -5.425789613662040064e-15 2.875533753442341409e-15 -3.746634857680585659e-16 3.835708194675360556e-15 6.630501551974063456e-17 6.094949124222533922e-16 -2.224344915751136702e-14 2.171208815897981125e-15 1.273195013637903231e-15 3.516955864163211667e-15 7.305726428146545018e-16 -1.387033883755129282e-14 2.045290349105646783e-14 -1.758498068856370232e-15 -5.650037440681055439e-15 -6.964112932289300122e-15 -6.857547484522414175e-15 6.787120006741795147e-15 2.476237187710632661e-16 -1.166088125963324125e-15 2.911572707207609103e-15 7.273892559776571205e-16 -5.053519155865343217e-16 -3.496795029470665902e-16 2.488328622004283158e-16 1.888609708104453023e-15 -6.185191977606185282e-16 8.650725618219861861e-16 -2.013564040013331133e-17 -6.035195679362695369e-16 -4.926371359795929543e-16 -4.021716868252252211e-16 3.223885063112968800e-16 1.821117921898619114e-17 -5.011183043330816132e-17 -2.281502385556666858e-15 -3.436228815398012949e-14 2.661856543097051555e-17 1.261557236793748330e-14 -3.142042745228704948e-15 1.082569815985969745e-14 -3.061079388650467395e-15 -1.645312163439140872e-14 4.044140004451750622e-15 8.415249218337783856e-15 1.486775093691092767e-15 -7.276389102435316853e-14 3.954776205769391655e-15 -1.367130021219901867e-14 4.351152022918635607e-15 -1.301310988179787689e-14 9.738677730774395886e-15 2.032509082394241496e-14 -3.079918101427370077e-14 6.774722923631597730e-15 1.216431619868503328e-16 4.096539633853531258e-14 -2.609425238821252196e-14 1.436861362674706099e-14 -3.015701338819821399e-14 1.576095147838295700e-15 1.670937117134078603e-14 3.543825252541641509e-15 -1.324500535923075519e-14
2.305253348583712880e-16 2.253304694246650748e-16 -8.286329888623269359e-17 -5.083028639262002807e-15 2.064695975076507417e-15 -2.571692724193421562e-16 2.342550718432357604e-16 -3.409792436928536430e-16 3.182675860021814996e-16 -5.519763501200366148e-17 7.820497797299619641e-16 -3.583594167512183324e-16 6.367461484204276657e-16 2.512680313254617914e-17 -2.092744581042800827e-16 -1.769655956688182388e-17 -2.162646214195313795e-16 2.854746400408587400e-16 -6.819895288758911322e-17 -3.566281156044769285e-16 2.826542655712411891e-16 -1.686509707141632096e-16 2.045331111292725046e-16 -1.212317085479119678e-16 -4.559299574649238944e-16 -2.377744423881673360e-16 -3.058461081024768779e-16 -6.818479677676894930e-17 -8.197544139318926412e-16 1.828863264872644267e-17 1.014516792461914432e-17 2.965715496626915050e-17 2.916683459935725648e-15 -8.163875604183292744e-17 2.907544129615779335e-16 1.444993912182776151e-17 -7.575576418131022837e-16 -6.850914381383252588e-17 2.267384416873983227e-16 1.131877209648730912e-16 -8.360634794822674185e-16 -4.556561549180860589e-16 -1.591348773484754186e-16 -1.412067947489256811e-16 -2.342770924654533291e-16 5.605533671875681797e-16 -7.433269006758901142e-17 7.207751997977272148e-16 -2.075267100059154880e-16 5.558556497629352857e-16 -2.692249082672829645e-16 5.972077899581444197e-16 -1.782839562846152304e-18 -3.977782997882710148e-17 4.027225734603993940e-15 3.974569665024351027e-17 1.113049056539653290e-16 7.709171756328209914e-17 7.367860838571113389e-17 -8.717402851100265367e-17 -9.455897330645251188e-18 -2.318154579533086813e-16 8.510174707882721031e-17 5.811455023786417200e-17 -2.017251982488192224e-17 3.200331617042258070e-17 -1.262250933126018067e-17 -3.633980052306008207e-19 -6.734436883054906044e-19 1.688913496135275554e-17 6.071329677835444413e-16 9.920661819230281761e-18 -1.001906779539486405e-15 -2.002749229713656896e-16 4.003414342466573116e-16 2.490413932599656655e-16 1.272369714992238848e-15 -4.305295860281168094e-15 4.797640437207934027e-16 -1.843110933824509752e-16 2.071648651383338097e-15 -1.288768974779884558e-15 1.400839665469227839e-15 -7.610179300206661507e-16 2.911703211824043801e-16 -5.957815399492404084e-17 -2.010433768418281942e-16 1.210885787470830891e-15 -1.543941281750312314e-15 3.614460755281028866e-16 9.423297552657639999e-16 -1.499917369659463543e-15 3.653431925644644051e-15 4.723184115631991194e-16 1.103469688024044731e-16 -1.136329542462290773e-16 -8.444436707324189934e-16 -1.116820571718919992e-15
-9.299454982311238566e-16 -6.026573059938691969e-15 1.401436487224926955e-15 1.889949691579276745e-14 -2.571692724193421562e-16 3.547070230298125275e-14 -9.334893043899442755e-15 -3.302142599003361688e-16 -1.044421502634465329e-15 -2.286668054582903695e-15 9.012403376388028035e-16 7.551694870698509076e-16 3.829252659283367954e-15 -7.346116343107780854e-15 -2.690745061150531830e-15 1.081716558070094178e-15 2.506766147279578271e-15 -6.789549841561374525e-16 -5.427103169905546522e-16 3.740635781760754844e-15 8.192453029706091310e-17 -5.826239173264131237e-15 2.046427034908276920e-15 7.414987373521941393e-16 6.160080515403260379e-16 6.330407234627252135e-15 -1.415182760543868465e-15 2.852835446854036572e-15 -4.498882769560717818e-15 2.536846594421995714e-16 3.436257249113028120e-15 -4.342377249491877160e-17 3.273670121817599603e-15 3.454297256807319229e-15 -2.054582962452647646e-15 2.466453476801331376e-15 -1.280130877042217072e-14 1.218603071094287298e-15 -1.400090412511061568e-15 4.069647556182683954e-16 -2.002545810073631147e-14 -3.152038603313785057e-15 -1.921755896511570934e-15 1.336592558051126257e-15 8.094175921111034913e-16 -6.046596914045252339e-16 3.827574075005387178e-15 1.366919950884357983e-15 -2.436436715548715874e-15 5.039318913427604192e-16 -4.960456266032093572e-15 8.639512458199744663e-15 2.318820855456106678e-15 -6.783711189117223157e-16 1.084395592960427773e-14 5.524228096950066507e-16 -1.427350708125396286e-16 -1.405244938831816296e-16 2.747692188530267316e-16 5.939103663965283040e-16 -1.686188904891555580e-16 3.379851976930718552e-16 -9.047082482546847465e-17 -3.666748032414108216e-17 -1.990797419991234125e-16 -1.342902045819721258e-16 2.312945327492683905e-16 1.044813866879093552e-16 2.015546316961764081e-17 -1.266481725059211611e-15 -4.928772038300418512e-14 -6.718372287250997713e-17 9.725750715766901175e-15 -1.080371404734271952e-14 3.089646574438317870e-15 -4.872781551769710228e-16 -3.901848718480685768e-15 1.759150005002101563e-14 4.772410999413948523e-15 1.654003245547377826e-15 -2.420045431543564512e-14 8.320784668728946127e-16 -5.952818894686196422e-15 2.077631546270953444e-15 -5.469266040664774414e-15 2.422767807936246118e-15 5.815399170271535333e-15 -1.372842689619188390e-14 -1.218089469399709722e-15 8.857833975178122310e-15 1.855461602216334303e-14 -1.113102436695001523e-14 1.268488906842490775e-14 -1.263740956236270277e-14 7.629295974721086667e-16 1.038702891742968339e-14 -2.469392464703563613e-14 -1.132094070789841024e-14
2.824399312399446591e-16 -6.061489488635779356e-15 -1.783805282900514691e-15 -9.037701761964844837e-15 2.342550718432357604e-16 -9.334893043899442755e-15 1.152250534500095649e-14 1.301050334698755565e-15 8.105264650772041641e-16 2.386592373140104183e-15 -1.409213850886118554e-15 1.318750642637733994e-15 -5.094569579085475473e-15 1.915530829793159523e-15 1.191824821257456538e-15 -1.762642069735548191e-16 -2.407053442400043934e-15 -2.534189128659867736e-16 4.362257334774375324e-16 4.745070196768846809e-16 -3.605348509860819766e-16 7.728082163563659168e-16 -4.175403569429155611e-16 -1.273486510525617773e-15 -1.515428097577025169e-15 -1.171631236833781567e-15 -4.765703363220648200e-16 -1.733027878560177453e-15 -3.268296634017536942e-16 9.986534541915492485e-16 -9.002921899950168464e-16 1.645888584587304771e-16 -1.427669886878326089e-16 -5.007547869623109354e-15 5.937025108267251491e-16 4.040172588171042126e-16 -3.810944429151220718e-15 -7.457852532287164760e-16 -9.993216855970175534e-16 -6.942994565022260575e-17 4.384156278625241558e-15 2.436454374218344926e-15 -1.777416230996345410e-15 -5.991521387776926591e-16 -1.602818594037841527e-16 1.749477928776516681e-16 -4.210971733507942521e-15 1.419222949768971904e-15 1.235417150700666834e-15 -1.832841073447194581e-15 9.312692373516746092e-16 -2.540162758700733604e-15 3.353122337537436495e-16 4.514000470209798839e-16 -7.211722664423429337e-15 1.157175223695483522e-16 3.753677107822274644e-16 3.374052498762422798e-16 -4.003416962549335888e-16 -4.353673190434979204e-16 3.725331481242720155e-16 -2.674933379147434972e-16 9.833278378442675676e-17 4.385903470216961599e-16 1.707530001679654137e-16 -1.104952006186160171e-16 -9.551309721632859627e-17 -7.000374709025596432e-17 5.163447743621832935e-17 6.053172247279606755e-16 4.446062880382832406e-15 -1.214166105710087199e-17 -6.262780192714411546e-15 -4.451531298713841713e-15 -1.810268582660721326e-15 2.452073091926976034e-15 -3.886760799591723389e-15 1.711452306193548494e-14 -1.137537391309349573e-15 -1.380161507264685210e-15 8.071734335660107685e-15 1.116525838037123342e-15 6.906800626063964334e-15 -1.647813498948475441e-15 1.250167074829298678e-15 -1.248529389142547154e-15 8.215907081939723528e-16 1.070818181332833201e-14 1.699730081398928172e-17 1.292608926459819163e-15 -1.487465520891460340e-14 1.280226723274644307e-14 -1.879031260470939662e-16 1.304611903956645629e-15 -4.260121007953638907e-16 -6.396484713266422248e-15 -2.216018160498006707e-15 1.445557626058066590e-15
5.055850788641349557e-16 -7.145042340259824957e-15 2.946345473819808366e-17 -2.777275707593017766e-15 -3.409792436928536430e-16 -3.302142599003361688e-16 1.301050334698755565e-15 8.846942652681246373e-15 -4.913234914518258490e-16 -2.432996379874205631e-15 -1.207570455302281376e-15 1.349984590371907350e-15 -7.274482234782987736e-15 1.106409109915152417e-15 1.138823850512844126e-15 9.364276508899243827e-16 -7.575280555410185190e-16 -7.393898547470985861e-16 1.686868213867035958e-16 6.567837747404026450e-16 -1.349477871090056261e-15 8.781887601974169814e-16 -2.052951766417506170e-15 -3.154248130161530975e-16 -6.324226134072922749e-17 1.403690568627327626e-15 -9.513786365876524735e-17 -2.315380708297005931e-15 1.214357725503292952e-15 4.208705938468768178e-16 -3.790896141583461892e-16 8.959004020192032311e-17 -3.063284895096450727e-15 3.150993083448885469e-15 2.372800977971732947e-15 1.318566245593534342e-15 -3.671041333730428111e-15 -6.890443158525072510e-16 -9.882698958774267161e-16 1.773130236102386610e-16 7.224267945668492288e-15 -7.730676507753894155e-16 -8.133816709498121322e-17 -6.860603589657161681e-16 1.289078894087803982e-16 -2.496089900324571511e-16 -4.454238649503291979e-15 -6.348357796583972675e-17 1.040631754528692232e-16 3.272151228771138028e-15 -2.992957082296964590e-17 -1.225346697119489674e-15 -8.948044504257238279e-16 3.009691966654638848e-16 -6.686481285864075935e-15 -1.423797916283254839e-16 -3.491813864257887366e-17 -1.474125765701083344e-16 -2.901735480730566568e-16 -4.001809372692003571e-16 -7.097938306907923732e-17 1.197986135516439056e-16 -1.894070751104823505e-16 -1.333499228588192977e-17 1.909198980881473252e-16 -4.766131716908247136e-18 4.091648379194437461e-17 1.197157562005256954e-17 -2.197031813504226165e-17 1.244101322686325790e-16 9.988032042453876032e-15 6.745914651455591807e-18 -4.478583670736360263e-15 -1.226100091887199367e-15 2.567937388689925826e-15 4.542449528017674557e-16 5.541508799232644834e-15 5.758441403367249118e-15 -1.507815972035187822e-15 -4.918608549579364704e-16 5.214155737188638065e-15 8.163028064709534899e-16 3.173022826622517198e-15 -6.205095271378078131e-16 4.182245253315201203e-16 -2.668919275605727360e-15 -8.502383564837949895e-15 1.193657855340451684e-14 1.890077948359842326e-15 -5.229857120526810850e-16 -1.295046960366701682e-14 1.758936521075938567e-14 -6.916211611279664257e-15 4.542100317737745056e-15 -2.474066216584313807e-16 5.935076590624965603e-15 -1.662453482503689610e-14 3.253888938578547097e-15
-4.743339365810417709e-16 -2.717042003434391152e-16 -1.003280442878746245e-15 -2.994730063251605411e-15 3.182675860021814996e-16 -1.044421502634465329e-15 8.105264650772041641e-16 -4.913234914518258490e-16 2.968440130365003326e-15 1.237596885422520412e-15 -6.699248304117209678e-16 -7.465162204919235433e-16 -3.263266590966169321e-15 -4.030382160624229907e-17 -5.619998875632445384e-16 1.026806337726797962e-16 -2.852157813407485355e-16 1.392767043652473066e-16 -6.582783930402048611e-17 -3.791611400496066542e-16 5.947693828124832976e-16 3.399237337890624965e-16 -4.707825846907541577e-16 -6.625868567298205620e-16 -9.599837600600198753e-16 1.336539681826509685e-15 -2.437054321284534694e-16 -1.073435729810607439e-15 1.146967246217658164e-16 -5.102075488107867708e-16 5.215761016719830949e-16 1.819483563411046927e-17 1.459824766932484249e-15 -5.172974092377662440e-15 6.914889294115770312e-16 -1.181019635087011581e-16 4.793454860053348033e-16 1.069764026990705284e-17 1.835894481891219099e-16 2.934976063570805202e-17 -1.581522282080650312e-15 -4.546328124000318387e-16 -7.054440603239176665e-16 -1.331066432472242059e-16 -1.235481457131562361e-16 3.135381719676666983e-16 -2.290160564785082952e-16 5.216959316073652509e-17 1.003544973310345951e-15 1.137831989794944708e-15 6.550153369392469949e-16 1.366656603038807998e-15 4.969417723059205168e-16 1.780437119458572389e-16 1.117696587021903227e-16 1.522671163719703291e-16 5.884874738505228046e-17 1.317068176130867414e-16 -9.527373439788749123e-17 -1.472203049648293744e-16 1.868951694153360081e-16 -6.068402023761367871e-16 2.742160757957921955e-16 1.857015977530309795e-16 -6.232286818017724213e-17 -8.931254178709211566e-17 -3.531803149490210542e-17 -2.274924572408501896e-17 4.073447409679602372e-17 3.995278553552460033e-16 -1.769064032821048304e-15 -1.855643619780623977e-18 -3.525040692664356959e-16 -1.396760909277437997e-15 -1.894390826464757967e-15 1.791963461257968680e-15 1.927459286322482016e-15 -1.025787804986554310e-15 -6.377242601874157586e-16 -6.261225966064966281e-16 2.099629488652363134e-15 2.565343807045627354e-16 -6.558822654294384297e-16 -6.320412074676226742e-16 -4.052049500441095060e-16 -2.125672280609242573e-17 -5.606060672194881719e-15 5.984365382140747514e-15 -9.280569526077861022e-16 1.083970458810069645e-15 1.522834777946995434e-14 2.738685660972799138e-15 2.614484771170456359e-15 9.502816889931301092e-16 1.858130133918853317e-16 -4.809418021617119420e-15 2.059517546425491411e-15 4.722637811201769793e-16
-1.066070660331317897e-15 -9.065030445731732803e-16 -1.202186423604207431e-15 2.873100398552399625e-15 -5.519763501200366148e-17 -2.286668054582903695e-15 2.386592373140104183e-15 -2.432996379874205631e-15 1.237596885422520412e-15 2.361226777375393997e-14 -1.196769854476502226e-14 -2.870808679101401879e-16 -5.048163245934869177e-16 -2.220666235722035452e-15 -5.059445530919646371e-16 1.748447956308881777e-15 -7.801727984585830111e-15 1.236578614954002233e-15 1.337626140889636958e-16 1.955325665452134203e-15 -9.673192375723139399e-16 2.398460021250605967e-16 -1.280546243580091349e-15 -3.257948637769270044e-16 -9.084327491276203690e-16 6.007257648992310801e-16 1.760422783679767328e-15 6.263398834970140418e-16 -2.805264744241844406e-15 5.575604928268556335e-17 5.372576627839640209e-17 2.204720965580627593e-16 3.483487261686317813e-15 -5.917457883216078728e-15 2.484714518471083509e-15 -1.906455942197755745e-16 4.339268836054588915e-15 1.330109325162499978e-15 -2.603687339402198147e-16 9.454469840221568995e-17 -8.428688517919229056e-15 1.799163861152657845e-15 -2.483898323896412779e-16 5.739803826434047961e-16 -4.410221400290352333e-16 2.735235568182353007e-16 -8.563464690293123469e-17 -3.344526466726136702e-15 3.362182533423028864e-15 1.206876230402280100e-15 -4.214802938177329718e-16 3.476436811889244092e-16 1.252333797828623366e-16 -3.796009667197807270e-17 1.298468208462103341e-15 1.396115843851178563e-16 3.564016796636053306e-16 3.503021942138436470e-16 -5.734158648955564306e-17 4.104008671526641140e-16 5.043743592709200129e-16 -1.064869813837474414e-16 2.118513429647761732e-16 7.294211154357284297e-16 2.136140827140986874e-16 1.308133131995192225e-16 -3.883845892670589658e-17 -7.713769696425838148e-17 -8.837271017627383758e-18 -7.279575923945505982e-18 2.729571008184939006e-14 -2.089040756560825083e-16 1.463165580510576886e-15 -7.530740995662038885e-16 1.725124442525224720e-15 -1.106782849619767555e-15 6.861194273485287458e-16 -5.061673778431716297e-15 -2.503000178545687406e-15 -2.229180347136931504e-15 -3.835668762660521451e-15 2.440141209044241002e-15 -2.673289634573234302e-15 4.372232830918443077e-16 -4.168663149613312615e-15 8.395758256902877944e-16 -4.384013405758127077e-15 1.479393085742278986e-14 -1.318760900467408164e-15 1.186459572967467094e-14 5.593464279895783582e-15 -4.074173559003323003e-15 3.683477284760759143e-15 -3.489686929394875718e-15 7.516073531286160229e-16 5.786032065767045245e-15 -2.036125414864421091e-15 -6.976644878043729688e-16
4.417515820731935526e-16 1.900201660414916865e-15 1.676909077999832955e-16 -2.496382020064550694e-15 7.820497797299619641e-16 9.012403376388028035e-16 -1.409213850886118554e-15 -1.207570455302281376e-15 -6.699248304117209678e-16 -1.196769854476502226e-14 1.515404621913104534e-14 6.017056771754568390e-17 -3.928076032982462642e-15 1.742434514584398858e-15 -1.003873807701260096e-15 -2.103471925904863581e-15 -1.018651211329721568e-15 -9.505621040616704870e-16 -4.705864183754234750e-16 -2.836238681205585311e-15 1.187958033681940078e-15 -4.316553222491263083e-16 2.409790275104294518e-15 -7.865131695769420375e-16 -1.863254105678579733e-16 -1.636957415126135852e-15 -8.292151761845228422e-16 -7.960389782583944073e-16 1.216036338282846436e-15 -8.320473964681620043e-16 4.314926290284206729e-16 -1.770935541726638686e-16 -1.652779870819654122e-15 -5.812014873710432176e-16 6.771341305203095456e-17 -1.048559281638383394e-15 -6.879026189945451231e-16 -6.055878000714626600e-16 2.062362520061084201e-16 4.903385718279517262e-17 -3.099121098196990122e-15 -7.118254007609679787e-16 -3.632384601938958899e-16 -3.551430731886988193e-16 7.394633065118175709e-17 5.389684993927669556e-16 2.625468782353608582e-15 3.178049378140277528e-15 -1.173932973190236710e-15 -3.258512135537367493e-15 8.227829520780367155e-16 8.099125574250068526e-16 -2.095713211727854369e-16 -1.757399906650225856e-16 1.431866250406409718e-15 2.158788104463056615e-16 -2.239666907229142271e-16 -2.282094066290650180e-17 6.686668447247156255e-17 -1.470601358773696618e-16 -2.926634746115091496e-17 -5.230336633797132980e-16 8.759937276521900343e-17 -3.866076227723259458e-16 -1.616616402539957318e-16 -9.552318373748731340e-17 -3.553857845742798598e-17 3.405922048787546189e-17 4.530658323749231280e-17 9.443561050793375774e-17 4.227064933833865972e-15 3.408878018966066954e-17 1.077930102264545457e-15 -1.970698309271224326e-16 -1.871031247860992341e-15 3.495767232588772894e-16 -1.822082640650890450e-15 9.137639540411514022e-15 2.085670430689910284e-15 1.413819808156228145e-15 -3.016432516274314793e-15 -1.634606043527467538e-15 6.056501378690916342e-15 -3.425038926636478471e-16 4.891654210787322380e-16 -1.211343576570797608e-15 3.594130355729218114e-15 -9.911067846741757482e-15 1.057639402211413257e-15 -2.283076714980263700e-15 8.148701685921226789e-15 -4.452278872196832517e-15 1.656696085251930811e-15 -1.215328116362389125e-15 -4.485763304422510569e-16 -1.109894240960363606e-14 -3.154917679489114766e-15 -3.892292050561936795e-15
-1.114541285872909674e-16 -4.023764513088180318e-15 -1.102956421471601612e-15 1.231020931395058370e-15 -3.583594167512183324e-16 7.551694870698509076e-16 1.318750642637733994e-15 1.349984590371907350e-15 -7.465162204919235433e-16 -2.870808679101401879e-16 6.017056771754568390e-17 3.489336083697168142e-15 -8.457425852724553406e-16 1.078198034069095697e-16 3.501413710761054180e-17 1.728756133735488527e-15 2.111093972225715261e-16 -2.276771612404968907e-15 1.400944942244496472e-16 2.300991892300785009e-15 -4.676235140164035068e-16 -9.744711348295338922e-16 -2.234794743258783519e-16 -7.624034971662964394e-16 -2.560152737628543700e-16 2.941902181659044634e-15 -1.195618539915734033e-15 -3.466238591005943843e-16 -1.792792276575783257e-15 7.591942528545539678e-16 7.031076095947156465e-16 4.953505611844105917e-17 -1.941257459125087364e-15 1.223532046496029950e-16 -4.380954698400224956e-16 4.830716218023693618e-16 -1.473561915734633302e-15 -7.528148988056643723e-17 -5.866791268522237705e-16 5.418596224736778066e-17 3.160809058031560463e-15 3.117859520172028998e-16 -8.284338126984979511e-16 -1.483383851925980533e-16 -9.338172532856072562e-18 -1.847079969332002727e-16 4.191449942482373308e-16 3.452116782998296082e-16 1.327430239446813768e-15 1.706251127247087507e-15 3.085545600888255131e-16 -1.067045254909099282e-15 4.794212494737738460e-16 -8.063476452329778178e-18 -2.094635721336811613e-15 5.314971396347034065e-17 -6.539851323008080526e-17 -7.831908349734586117e-17 -2.802827072152290982e-16 -9.893297901535876273e-17 2.427680294632342361e-17 -2.380126366685207015e-16 1.829273490867477900e-17 -7.528306236052888991e-17 7.116512771408352082e-17 -1.038346877150681195e-16 3.838516667447321679e-17 -1.126355322573344525e-17 2.937660510591506322e-17 1.817376503257381829e-17 -1.117020617076945535e-14 -3.017430300086411529e-17 -3.892109597444482558e-16 -6.196314288596334746e-15 2.443643330231762005e-15 2.260558528262569023e-15 -1.810444380686146374e-15 1.270059087588585194e-14 1.942865615206995874e-15 -2.633992982637794956e-16 -1.893556117562232701e-15 8.911709609225322695e-16 -1.447269116993203715e-15 6.950918588110530820e-16 -9.802988203394054221e-16 6.182369194674065021e-16 -4.054735833190641859e-15 1.467641372534124220e-15 1.500298291646008032e-15 1.020047891828014029e-15 6.681583187924910277e-15 8.273679464601631623e-15 -1.549281478249539870e-15 -1.477049133328846853e-15 7.740798695681335828e-17 1.404268313927004163e-15 1.214219606176964012e-15 -1.502162886125850659e-15
6.397594750009038988e-16 3.380067979086314406e-14 5.262929181871985721e-15 5.990994858375646120e-15 6.367461484204276657e-16 3.829252659283367954e-15 -5.094569579085475473e-15 -7.274482234782987736e-15 -3.263266590966169321e-15 -5.048163245934869177e-16 -3.928076032982462642e-15 -8.457425852724553406e-16 1.514477123817517124e-13 -2.754351075002271527e-14 -8.078734115020258223e-15 7.390671810643422877e-15 4.558257766607334512e-15 8.238612771647113438e-16 3.343098062141056341e-16 4.651267038903257023e-15 7.206480168534395909e-16 -7.335105512910468594e-15 8.722568906485905555e-16 2.619965962422534440e-15 5.879305401413007375e-15 3.781690300611364903e-15 -3.646994641980513081e-15 3.685588900094088427e-15 -4.454061189341213013e-15 1.861144550649957956e-15 3.185257059273958603e-15 -1.634297492956797854e-16 -2.851325746162623385e-14 1.004589816980797916e-14 -1.018670054358702582e-14 -1.574262875653368662e-15 8.637872197680931637e-15 6.853696869415859635e-16 1.942572285171336163e-15 -4.831554206817092206e-16 1.654778999114099405e-14 -6.191551894433671089e-15 1.970835285645034556e-15 7.259949693692282816e-16 -5.844865232163156714e-16 1.101871726282887158e-14 -5.762528992410679612e-15 -7.586558823517011880e-15 4.104109315710074675e-15 2.192964352076175137e-14 -4.788454796909451096e-15 -1.937444162069075878e-15 5.414121974575376829e-15 -6.950349356028434354e-16 1.251377389109127458e-14 -1.009924684528395477e-15 -8.056677623136237649e-16 -7.259238351168973237e-16 1.012894016762240364e-15 1.187201716103155988e-16 -6.926226989120896255e-16 2.398855366106433173e-15 -3.184351847356429314e-16 -1.064162118651504536e-15 -3.956544796207322052e-16 3.980258363064341638e-16 2.057923880106353598e-16 -4.486205058572181041e-18 -9.326420691227321452e-17 -1.372693570583234030e-15 -7.020967589050782897e-14 -1.500475577947787955e-16 -1.063784378261137870e-15 1.339347633234854347e-16 8.219231837607827927e-15 -2.476189730969027822e-15 -4.107448637964853924e-14 -4.498468858149871538e-14 4.527267050436037778e-15 3.062105951043320921e-15 -2.956267043721559744e-15 -3.469966713629472170e-15 -1.278170273026677669e-14 3.464071813647831242e-15 -2.578430368428904921e-15 2.063375795776115735e-14 7.707870945226781912e-15 -2.305468411471261501e-14 -9.552126932649668440e-15 -2.038592807282926529e-15 2.676715097026544156e-15 -2.088007303670943510e-14 -3.368754565027831140e-15 3.293665924326719127e-15 1.513272473794176194e-15 4.096929372297552229e-14 -3.123508682718123971e-14 2.084457498841952201e-15
-5.427960239916092274e-17 -4.318775771447115941e-15 -2.786972450332550583e-15 -1.011622551027828008e-14 2.512680313254617914e-17 -7.346116343107780854e-15 1.915530829793159523e-15 1.106409109915152417e-15 -4.030382160624229907e-17 -2.220666235722035452e-15 1.742434514584398858e-15 1.078198034069095697e-16 -2.754351075002271527e-14 2.742690887509604382e-14 6.933860920958812367e-15 -1.839557399725553647e-15 4.224735836132295006e-16 1.071706325043583540e-16 3.012446077361782978e-16 -2.037211551039330102e-15 -1.603857384211961158e-15 5.507248142151686003e-15 1.255428486027770632e-15 -1.519711429108370572e-15 -5.057691794898728229e-16 -3.402210553296100299e-15 6.877428611401856185e-16 2.633123348124821488e-15 -1.885788014831351975e-15 1.820374920410129117e-15 -2.845915662770642298e-15 1.671168899617376919e-16 7.212413248305147523e-15 3.812537284096077340e-15 -1.539780439981764756e-15 -3.626369833747525370e-15 1.615449710654570336e-14 -2.967597342182713466e-16 -4.072606106889501666e-16 -5.398098633757733740e-16 1.532911115450308952e-14 -1.106140874624602497e-15 1.808296151810373972e-15 2.556408202033751442e-16 6.603404023480841489e-16 -9.456400670588931473e-16 -1.953544561040783789e-15 5.638741824881643513e-15 -2.260670439813929437e-15 -2.820935944061033835e-15 2.354555845132562260e-15 -1.166537873637154401e-14 -2.039044729577071586e-15 2.433580979955584484e-16 -1.018085455119463649e-14 -4.482193829788767571e-16 2.781237199595081562e-16 -2.023915087269970829e-16 -4.340008121188631882e-16 1.928559448462450512e-17 9.208154862926072316e-17 -9.320141553638906629e-16 2.677274049904650754e-16 -1.072251012458916750e-16 1.691486730615536575e-16 -6.901980195759846653e-17 -7.779819552223938572e-17 -2.775215337752682661e-17 -3.620007052304912766e-17 5.351408991946497228e-16 2.385145815496246046e-14 1.395766753940399657e-16 1.596604340463148084e-15 4.385630721889833149e-15 -6.565739445860549599e-15 3.657642096402828613e-16 -2.382471751447267014e-15 1.203291710069046197e-14 3.698803642556314223e-15 -8.785345841546245690e-16 9.776899437785096377e-15 -1.874813313892262962e-15 4.348798790054392161e-15 1.331290891277347462e-15 6.586186456773173623e-15 -4.475363804556211623e-15 1.955603884161657554e-15 1.545998597659350349e-14 2.378444232829209876e-15 -1.099751744404784187e-14 -2.350876833440519641e-14 8.323413730329833998e-15 -1.206125440462268004e-14 9.091687820116675313e-15 -1.258912958797965345e-15 -1.644832976962363568e-14 4.918604534552846211e-14 4.957467638860288575e-15
-2.127774712039398811e-16 -3.338781676444715410e-15 -2.443247957753039348e-15 -3.711497811803015023e-15 -2.092744581042800827e-16 -2.690745061150531830e-15 1.191824821257456538e-15 1.138823850512844126e-15 -5.619998875632445384e-16 -5.059445530919646371e-16 -1.003873807701260096e-15 3.501413710761054180e-17 -8.078734115020258223e-15 6.933860920958812367e-15 1.647719345218608976e-14 -3.460077986886648791e-15 -4.748481560703722812e-16 -2.534351698024553397e-16 6.335866668947011260e-16 -9.266706931470461989e-16 -3.227563213248364478e-15 5.448130349932880930e-15 -6.902204172404422065e-16 -1.192710900030939365e-15 -5.355665227624690889e-16 -3.196280568824593542e-15 2.286644303025860233e-15 3.282986074752010572e-15 -1.958789570288814306e-15 2.321960275638703517e-15 -2.216736368013379701e-15 3.675461793407035073e-16 7.438794684931958649e-15 1.090964744049122660e-14 -1.791589316034136806e-15 -1.920833985675689902e-15 1.214744108835402499e-14 6.121284773668333048e-16 9.096604204732911430e-18 -4.388271349190545353e-16 1.612035842324522250e-14 -1.281391331309715053e-15 2.990048099254793957e-15 3.744710211517214033e-16 -2.112890649475148145e-16 -3.241532173257583400e-15 -7.714740231899954888e-16 4.541498818872622663e-15 -3.187468329125493658e-15 -8.163713637388777730e-15 2.875532584454557052e-15 -4.977015841006939651e-15 -4.589806930440899970e-15 2.316898456914815014e-16 -1.092098836870381899e-14 -4.826288720191477852e-16 -5.004740664248009223e-17 -2.248450042643190752e-16 -3.005809682203228638e-16 3.937165202212556159e-16 4.710825903215059634e-16 -8.767887858018286113e-16 8.497475445299784005e-18 4.859666141431410639e-17 1.444577443539178859e-16 1.598593674664003076e-16 -6.326010522704613434e-17 -3.749343714285758850e-17 -6.854883570130430874e-17 -1.372823956675447692e-16 3.877037165292005643e-14 1.950520279044064754e-17 -4.519052834188285223e-15 9.945589219225581659e-15 1.379397953687841177e-15 -4.557569897546841022e-15 6.260583261465823334e-15 1.955549624283866611e-15 3.622502273859163143e-15 -1.982028350202300899e-15 2.874323439572522099e-15 5.127227485415520601e-16 4.144899182777885436e-15 6.101635225702499328e-16 1.718710253786005022e-15 -6.582141972154498785e-15 1.269222738262071232e-15 1.427642449910832542e-14 1.675666688127600850e-15 -3.913000117142725547e-15 -3.105405277498175611e-14 6.769909809612283176e-15 -1.409801000188267304e-14 8.013308177797443137e-15 -1.236887910429677991e-15 -3.741169470402571995e-16 1.462608209429837057e-14 8.501855662995713938e-15
-1.237622131680561064e-15 -1.731154570754579084e-15 -1.539787844597893845e-15 2.255754725794597067e-15 -1.769655956688182388e-17 1.081716558070094178e-15 -1.762642069735548191e-16 9.364276508899243827e-16 1.026806337726797962e-16 1.748447956308881777e-15 -2.103471925904863581e-15 1.728756133735488527e-15 7.390671810643422877e-15 -1.839557399725553647e-15 -3.460077986886648791e-15 1.409105751895498679e-14 1.071015113408813211e-15 -2.267906798570500017e-15 -7.433862593708547027e-17 3.326983151074384871e-15 -8.924591297465702197e-16 -2.358597092269812200e-15 -6.370308327584155163e-16 -1.879068792261174188e-16 2.185751802613620969e-17 6.713387674411005327e-15 -6.732934926415401879e-16 1.345663310516943021e-16 -4.745509114292700445e-15 -2.582025429289914121e-17 2.213200407273962238e-15 1.381251710547257609e-16 -8.076898074151311400e-15 2.593929405646535839e-15 1.264467226326668525e-15 -3.379114347244238085e-16 1.912078109818291063e-15 1.158029181441993514e-15 1.974699347875108182e-16 6.146442394713939368e-17 3.969917714660968137e-15 2.685745349730757490e-16 -1.398704520835213981e-15 7.219277207143593971e-16 -3.143765580794552350e-16 -2.070759820642882225e-16 -6.592060984083558093e-15 -1.561078663714791127e-15 2.707961471925570085e-15 1.097238880499878458e-14 3.097647188176908644e-17 -1.789160194421366613e-15 2.194799306560961637e-17 9.377062759932976960e-17 7.476871846757367932e-16 2.668925845629391462e-17 -2.171536480333917744e-16 -2.894462005688761517e-17 -2.631692697969113374e-16 3.176542733656057949e-16 1.746869944903962332e-16 -3.373966583254624540e-16 3.351970912666101416e-16 -3.697806248204149782e-17 2.345434098743610596e-18 -2.771752070082854884e-17 1.101111195412186125e-16 -3.918782533853626061e-17 6.437597282764496959e-18 -1.747809487601632441e-16 1.142474289313805063e-14 -1.082786317343260153e-16 4.162554932189969049e-15 -7.556301687310976533e-15 -3.899459201420776832e-17 3.007584445605980703e-15 2.989198662632542026e-15 3.499986516337364312e-15 2.758275851106378093e-15 1.246896344697220319e-16 -7.995419279736085198e-15 -4.745487592426678106e-16 -6.611930642615859036e-16 1.288069972388446833e-15 -3.669114960459070574e-15 3.218495153202827559e-15 -1.321565957152191458e-14 6.247630606910545387e-15 1.349342573105474886e-16 4.105053056458171674e-15 1.990031273648515729e-14 6.800734556518744536e-15 3.258798438627690377e-15 -2.396795602623740543e-15 5.971088271462319426e-16 -1.995790174199717969e-15 -5.448377970756433955e-15 1.531035980087658085e-15
