1.011403357938389740e-15 -3.128713515924169552e-16 -3.479342348697449067e-17 -1.592967096063463493e-16 8.197808072075230979e-17 4.305128098649996253e-16 -2.317421692880423820e-16 -6.804968168834771930e-17 -2.850073137268459080e-16 -1.254588326560304596e-16 3.629852537714067506e-16 4.296611275082877317e-18 -1.082591540170972609e-15 3.542885544122402973e-16 -4.237849991393315936e-16 -4.099821956623665362e-17 -1.857160006608314119e-16 -3.383143375304753011e-17 1.483210235683770411e-17 -1.019469265885466672e-16 -6.402027335439089354e-17 -1.126466170281623827e-16 -3.748833422432829843e-17 3.430714814114996977e-16 6.101342776257406913e-17 -1.627229266633636075e-16 -3.831443090314192875e-16 -2.910698655937513845e-16 -3.035055818971294536e-16 5.569438880778180309e-17 3.863775230698246463e-18 -1.466161172896000488e-17 -1.194799171687454838e-16 1.103317894760410059e-15 -5.543596736196358630e-16 -1.121100132792955567e-16 7.792259002338087989e-16 -6.658979999545095455e-16 -4.311899023154788071e-16 -7.362685463066662664e-17 9.047569578565675341e-17 -2.963605138784618607e-16 -3.980757841582374627e-17 -5.582697771370968056e-16 -3.726703716678240797e-17 3.880573134675887615e-16 1.776408941591775664e-16 8.839514746211785677e-16 -5.876657838030418357e-16 1.366185622861492274e-16 3.732622019215933523e-16 3.325524531522153582e-17 1.137153618697668435e-16 -2.694091921641334246e-17 8.886355337138492610e-16 -4.386326130486871249e-17 -6.699478604380379544e-17 -3.079174755885536209e-17 2.813009292514697917e-17 -6.856909712989432015e-17 -4.439237688449934816e-17 -9.435101107114777999e-18 -9.890949549818699312e-19 -1.054457320894653680e-16 -1.423864699501438756e-17 2.220445162859560018e-17 -2.734265703521502768e-17 1.865476420696378387e-18 -1.865224639536111040e-17 -5.201559948213268131e-17 -7.288973371352076014e-15 2.106341500559719802e-17 5.396319812803486798e-17 -8.378266749632403199e-16 1.891693110802972454e-15 -5.259749837008878229e-16 5.206611719722725153e-16 2.387615058799775284e-16 4.807682675569353819e-16 8.513526884390483401e-17 -1.079941272795536848e-16 1.986860853645292467e-18 1.141985749702777643e-16 -4.963669976163131680e-16 -2.357661000531313550e-16 -1.438468563042273926e-16 -1.602308582566975136e-15 -1.323554042248143182e-15 -2.108536259826474242e-16 -1.291709567684592583e-15 2.102887136944421004e-16 1.879579279079842069e-15 1.912831952881729404e-15 -5.354801203754970554e-16 3.100342410448621022e-16 1.575177707847341467e-17 -6.969750189081774060e-16 9.903933187747861087e-16
-3.128713515924169552e-16 6.825263666675472057e-14 3.309573063791925488e-15 4.505224806959447058e-15 -1.722611859504322269e-15 -4.647781084306891587e-15 3.514174097790979351e-15 -4.693410666414201747e-15 -1.098863627109854846e-15 6.138110878233905800e-15 1.075446064023083205e-15 2.380647693056244127e-16 -1.395007834604298532e-14 -1.424176549624273075e-15 4.782097616971598265e-15 -4.155486019017980911e-15 -2.561310150706540779e-16 1.245378098027102146e-15 9.491823597849503468e-16 1.586541785624673327e-14 1.176473091658214417e-15 2.290423186005043966e-15 5.320508685655921661e-15 -3.698221189533670549e-15 -1.271373420736954217e-15 -3.439197200270886222e-15 1.797330281027738670e-17 4.933426715983071931e-16 -7.642505607427782560e-16 3.671388922588352898e-15 -3.127424388852402076e-15 1.925642836120254026e-16 -1.213889182575852840e-14 -3.648731042890254064e-14 4.876453452075130913e-15 -1.760834512863616988e-15 -8.463775898129518885e-15 1.436973766329820565e-15 1.689560347971402493e-15 -1.043217799450766659e-15 -8.531537866966291988e-15 -4.093463607392829894e-15 2.998309385789548018e-16 6.013630161944057406e-16 -9.163671660865591198e-16 5.223241581471176442e-15 -5.865459758113575326e-15 -2.640280801560259501e-14 3.709579082588725147e-15 1.760868691434949419e-15 -4.201127419625049050e-15 4.432306601540653487e-15 5.425378166569823884e-15 -8.877966721569243010e-17 -3.219523433707089393e-15 -6.819256015213858244e-16 1.389443223399482884e-16 -5.096144196282294830e-16 -9.294840081056977933e-16 -1.118487598973023398e-15 -7.016835531133688831e-17 -3.175594527533436431e-16 -4.663136527206642573e-18 -1.726568563752058367e-16 -8.145170464760672318e-16 1.169373678470903315e-16 2.835378989306238195e-17 -3.020293889607735864e-17 6.607498230906687691e-17 -3.765233900586746198e-16 -4.714267983435533293e-14 -1.536694570412050444e-16 -3.213170094143904963e-15 1.095933481630688107e-14 -1.006523014636544056e-14 -3.148108656677930453e-15 -6.998895959992623649e-14 -7.036196292346261605e-14 -5.427489480574537119e-15 2.074348361675343517e-15 2.981545170839443243e-15 -1.815073682889487308e-15 3.668647900448841885e-15 3.392395698315682322e-16 1.667215243744552058e-14 -2.332062453662033160e-16 2.637824134753941012e-14 2.108824353282947430e-14 -1.437477658080728700e-15 8.881711930105573414e-15 -2.024039250112424302e-14 -3.680885563231079677e-14 1.960613655136372214e-15 2.205486388328913000e-14 -5.347032676539363396e-15 3.189397068819177316e-14 -6.461460922307152334e-14 -4.633968807193666829e-15
-3.479342348697449067e-17 3.309573063791925488e-15 6.109645291436530943e-15 3.062534207779843792e-15 -1.264546189763273397e-15 6.230714587946314023e-16 -1.927874362426815683e-17 -5.004234883001072194e-16 -3.144951376981436864e-16 -1.426307364536722776e-16 1.456681779049772973e-15 2.428385031379287311e-16 -1.837827338047272858e-15 -6.817383932395902838e-17 6.448207180186837986e-16 3.136507235437088885e-17 -3.998969582483634541e-16 5.628759666069884754e-16 6.903767024961633165e-17 5.158203651487638840e-16 2.281488572916852328e-16 -2.906083531754440100e-16 5.076212409744496299e-16 -3.896716936969994631e-16 -1.286836480304693299e-16 -1.496563315889824649e-15 4.868385305121334369e-16 5.186169386346685289e-16 -1.207005718482125414e-16 1.569865163765079954e-16 6.812123685176414858e-17 -1.156435389163565117e-16 -4.848846376570092495e-15 -3.512574162177636173e-15 2.771033432874810849e-15 9.106156242644735790e-16 -4.384428233687303559e-15 1.072924498699860110e-17 3.118815370785200204e-16 -2.738823387930359105e-16 7.769379775357958340e-15 -3.493049146308799436e-17 -1.157772605466181100e-15 -9.405814675721942561e-17 4.516476722937904308e-17 -4.034657079595066361e-15 6.296991603054854094e-17 -3.054099287797697763e-15 -2.139940309788501030e-15 1.801311367879611925e-15 -2.434956330571292968e-15 1.028503407497479615e-15 1.716530213756196965e-15 9.625583811695038457e-17 6.932376716243073751e-17 -8.986056551300140298e-17 -1.392714572591041421e-16 -2.419782879006731549e-16 7.955676755743012925e-17 -1.768953773524263055e-16 -1.548989640964374141e-16 9.832633504082948707e-17 -3.399063664550809572e-16 -1.291921099370097275e-16 -1.591297034830283315e-16 -3.717692969961462224e-17 3.972142986408982586e-17 4.888505385527261981e-17 1.481314745735935722e-17 -3.203470185155464106e-16 -2.013495441671097651e-14 -1.182780039951558516e-17 2.258088219852784259e-15 3.413751167536348434e-15 -9.134978173266126643e-16 -2.648069643493982609e-15 -8.674130877550049123e-15 -7.094724284455782471e-15 2.764733846036013748e-15 -3.161467255042228490e-16 -3.943347027189801565e-15 1.632157922477589901e-15 -4.833027320321531081e-16 -2.000420526784712381e-15 3.327726435846920663e-15 -1.014540309193992668e-15 3.245776119283742566e-16 5.025407408399655453e-15 6.642094178237995999e-16 -3.918493934602169931e-15 -7.638477841142710991e-16 -2.729713394148025604e-15 -3.887219343035219055e-15 4.483347308003851438e-16 3.265102427656233312e-16 2.354564825119295158e-15 7.294168037405802825e-15 2.168601845056075624e-15
-1.592967096063463493e-16 4.505224806959447058e-15 3.062534207779843792e-15 6.941306387295466588e-14 -7.610622030558385953e-15 -1.279984635014518490e-15 -5.886562521066344787e-16 -9.016592808778947779e-16 -7.307268088944589219e-17 4.847162544903564116e-15 2.035711138365750677e-15 1.475487228438093811e-15 -3.807459797193718623e-15 -2.155554898140351526e-15 1.938572795588206692e-16 2.316347238713144975e-15 -5.875421877612987349e-15 9.195484832296916043e-16 8.265303974603934334e-16 9.094813739469129825e-15 -5.666435430009862602e-16 -1.042533565190748885e-15 1.291622157824941153e-15 -7.300338693972325118e-16 -1.849756992014071203e-15 5.701004160859226693e-15 -4.929807559268337996e-16 -3.639733408942400668e-16 -2.003223134768265864e-15 -4.966015545139647900e-16 -3.023444783724517924e-16 4.775319891113844436e-17 7.216153288098870189e-15 -2.083335168041504861e-14 3.408035085107552264e-15 2.041212874138029996e-15 -1.503876687332874472e-14 5.906482564155970517e-16 4.787250863496165545e-16 -3.996246014583957353e-16 1.427724315660570297e-14 -1.203762023591517539e-15 -5.458460174210494320e-16 3.585035085465389843e-16 -1.734376431083309445e-16 -2.846406868112003626e-15 4.364533430166126334e-15 -1.255124759760558333e-14 2.511029241158337951e-15 2.274478369573762410e-15 -3.210657740492088282e-15 3.750898609357339203e-15 5.233594345068697524e-17 -2.079204858607242806e-16 -1.261454696103312340e-14 -4.168990283308001604e-16 1.311752136192472098e-16 -5.232987804462718927e-16 1.143200064501343821e-16 -2.925148582674082839e-16 -7.983651742107424705e-16 -3.568622598545982742e-16 2.296481858634460529e-16 -3.713713944960674230e-16 -5.831313967655699215e-16 1.175636225476790192e-16 5.508887131658240439e-17 1.552934466180071136e-16 -1.705491266516785460e-17 7.481344959366752651e-16 8.147854945191872226e-15 3.284296133537729188e-17 -1.035428133324072388e-15 8.507442153713354113e-15 -9.540362352516787205e-15 -5.859842054550070623e-15 -3.065439854558877104e-14 7.501161366664178939e-15 -2.530796330646506118e-15 9.767528735691838321e-16 -4.257062185576210704e-14 3.428199606672115373e-15 -1.470991066083649067e-14 4.303987140620485125e-16 1.170298994740271145e-14 -5.628179460819947524e-15 7.747376872970050906e-15 1.553170506104432582e-14 -2.288730211840178180e-15 8.879841494065982448e-15 5.581298259286244679e-15 -1.581513521562657498e-14 -1.320364315658742592e-14 1.995389188056665393e-14 -2.000546195912977944e-15 7.216009210022781149e-15 -3.698074688667263540e-14 1.318671366079250208e-15
8.197808072075230979e-17 -1.722611859504322269e-15 -1.264546189763273397e-15 -7.610622030558385953e-15 3.137129886934153799e-15 -4.441402071396974619e-16 1.670167816356752433e-16 1.338756152100236342e-16 3.329748711730318527e-16 -9.024091404166293551e-16 -7.444093825993722301e-16 -8.279626761565676685e-16 2.443348711819324257e-15 1.542697631969538407e-15 -7.127834545194686208e-16 -2.757034373694364161e-16 8.026172083729635594e-16 9.873885841530383210e-17 -1.170183078995100368e-16 -1.494914640499216248e-15 1.360761761986818199e-16 -2.298552016891334035e-16 3.011674484244124025e-17 -1.187317726356735344e-16 5.866717956520849453e-16 6.872820069183023807e-16 -3.261713275629384198e-16 1.762276503964469143e-16 7.383243555837162852e-16 -6.243834291374063365e-17 -3.640389717835779065e-16 4.726760620437905368e-17 -2.784378176781541408e-15 3.848062189040855635e-15 -7.283638004535143325e-16 -9.674039293774313523e-16 5.191508333182153789e-15 1.140717159640078373e-17 2.570374298995556238e-16 1.114971674042032507e-16 -1.264303637137712464e-15 3.217755323763131085e-16 6.461207087380461007e-16 -1.097476262739123506e-16 -1.903214735011045337e-16 2.239443896998381936e-15 -1.660617863148778677e-15 2.585968537968053617e-15 -1.023840745934556367e-15 -3.340420873627778126e-16 1.414044647227087998e-15 -7.619748176001603426e-16 -4.707168534182578183e-16 -8.231431299178027683e-17 1.274732649844196445e-15 1.384688534479588354e-16 1.112121401412220478e-16 1.405947219158269248e-16 -2.598962729963188628e-16 1.706320734885945654e-16 1.870598972380234795e-16 1.203081484925267850e-16 1.528192991880719345e-17 1.752238320415338282e-16 1.023166607197543864e-16 3.134821078290384890e-17 -3.469607603349842443e-17 -6.706850862342344229e-17 -1.109039742676824990e-17 -1.298557377026293830e-16 1.403115521377357755e-14 -5.843097580888958098e-18 1.212866015628157171e-15 -1.835737091374529640e-15 1.833150881800963587e-15 1.234218678297122653e-15 9.041444606563730186e-15 -1.257011950843000757e-15 -5.631442759707466268e-16 -6.009597967281869154e-16 7.184506827357775326e-15 -1.781018899919302387e-15 -7.478814392847046619e-17 3.730579716530573980e-16 -5.431037320051551747e-15 1.555280502552500083e-15 -3.112641145690588380e-15 -3.801564629627894453e-15 -1.792397035119930364e-15 2.034216418144808597e-15 2.220106608571060431e-15 4.625485438457224117e-15 7.480256483313516784e-15 -4.331087720125498652e-15 1.352932724422251367e-16 -1.819863742158768424e-15 -1.754710192305917226e-16 6.330651074839660506e-16
4.305128098649996253e-16 -4.647781084306891587e-15 6.230714587946314023e-16 -1.279984635014518490e-15 -4.441402071396974619e-16 2.123872203319274190e-14 -5.128399647060970442e-15 3.355231307212816128e-16 -1.123924182564397048e-16 -2.244056099870750205e-15 8.054157867570423680e-16 1.032236539485704911e-15 -3.160548735629667377e-16 1.561580952838154152e-15 8.510885547475440540e-16 -2.307304604049804616e-15 7.094933067784047846e-16 -1.019932154214877108e-15 3.011843962985602484e-16 -5.004898259490461382e-15 -8.601602823275255292e-16 2.477222334950375939e-15 -1.501459253579694478e-15 1.420628625085150655e-15 -1.291130810430472117e-15 2.295762239209660026e-15 -8.253156405227936667e-16 5.080917636621202214e-16 -2.836518558028910385e-15 -3.384689903554066277e-16 1.159857910352113004e-16 -2.338650511016484407e-16 -1.612749631683711874e-15 9.392635786566569965e-15 1.139411700146009081e-15 2.310074690757518307e-15 -4.389123120847798326e-15 -1.356050193917173412e-15 -1.498003334921583554e-15 -6.148068156985342676e-16 9.084307523827433151e-15 -2.203382444907288604e-15 -1.575607581152177569e-16 -5.297134804886575681e-16 7.621134607377044992e-16 -3.185018916692753834e-16 1.399779828976743148e-15 3.079260012428956236e-15 -2.831173042863139946e-15 -1.641421878314434606e-15 9.315383929813365371e-16 6.295730323117222117e-16 1.023653627360914668e-15 2.848268482591448218e-16 4.049890194021903973e-15 2.114680440659854783e-16 9.594980233152181507e-17 1.629090801640659712e-16 2.565751573377918118e-16 2.171825291035361243e-16 2.428400012652607348e-17 1.259018319475801585e-16 -8.675692211132231860e-17 2.087215262255744009e-18 2.142016377563220454e-16 -3.191636265704821692e-16 1.696666608731840544e-17 1.262718599458656670e-16 3.042692974383173169e-17 2.640454490871249855e-16 -1.819155421777053430e-14 6.944969509157466441e-17 -9.638236428360461525e-16 -1.069040564210022314e-14 6.131931112499510537e-15 -6.154635359793704200e-16 3.675756486055726473e-15 9.386078248742998251e-15 3.195064927330897997e-15 -4.506359457844251427e-16 -2.063966484895917822e-15 1.723055961304372411e-15 -3.246263722780973459e-15 -2.264150831965991820e-15 6.203047552207017588e-16 -4.268008948368180374e-15 -8.477385532973299877e-15 1.078505699242830627e-15 2.230635119937414424e-16 -1.048063095382526847e-14 -3.892097825096157287e-15 9.929328541573071704e-15 2.864587451003115465e-15 -8.104075369453235559e-15 2.951253667615518142e-15 4.001282368622263674e-15 -9.857610629050908370e-15 3.426623060535231766e-15
-2.317421692880423820e-16 3.514174097790979351e-15 -1.927874362426815683e-17 -5.886562521066344787e-16 1.670167816356752433e-16 -5.128399647060970442e-15 9.254806617842026048e-15 -5.976119258332571198e-16 -5.204575294909336922e-16 1.193514041555655600e-15 1.120041363652362197e-15 -3.679841638379206365e-17 -1.073598787581747243e-15 2.983045730060267205e-15 6.685846039341207948e-16 -1.416633162797506938e-16 -1.197472025429678080e-15 2.319575648987701353e-16 3.250193191985541779e-16 1.282254940499480868e-15 -3.502525414025075282e-16 8.839736379023362003e-16 2.782015909885474100e-16 -5.463450698759813956e-16 -1.839000737341225739e-16 -7.501592428937476778e-16 2.490802671324052126e-16 2.137706723834743707e-16 -2.261257627737452280e-15 6.324300206260691037e-16 -3.713408781062960339e-16 1.027785696342498569e-16 2.409870386755807238e-16 -2.414471268689251334e-15 2.470791706653192282e-15 -6.916067498477780513e-16 -1.391866418375097334e-15 2.676329750916334704e-16 -4.040088291722415914e-17 -2.567665487598277370e-16 -1.273208672398976379e-15 -1.912545232945284279e-16 -5.386818373353096797e-16 4.170971205627598005e-16 -5.292373865661904411e-20 -7.106586167164172125e-16 1.279919716174778712e-15 8.694276302508543826e-17 -3.379459098598608775e-16 9.940892917765276782e-17 -8.733869577333371020e-16 9.268013894527109233e-16 8.515203804128632828e-16 4.214953452729346401e-17 -1.429520094157421599e-15 8.520929710960707203e-17 3.960496426175384499e-17 -3.245891923117279047e-16 -2.086477851409129196e-17 -1.548071455268189794e-16 9.143987207376600232e-17 -7.757376555137368514e-17 -1.977351716242149711e-16 -1.162815452253107846e-16 1.676826900112259877e-16 -1.572370065417002790e-18 -1.875208184886090358e-17 2.940801611946772795e-17 2.064358351486206669e-17 -6.104238254484531695e-17 -1.296674280353316288e-14 -1.081436783638645025e-16 1.914259730369913216e-16 -2.315604493849405721e-15 1.047854504431749209e-15 -1.593308235201710917e-15 4.111684555217732272e-16 -6.563637192030325243e-15 -1.256644263901588642e-17 -4.663518733268080285e-18 4.118672558700248181e-15 -7.960439608672561179e-16 -3.002543462598819267e-15 4.642695596884496692e-16 1.027366382838999148e-16 -7.915952686336754076e-16 3.950494909113611165e-16 6.165772612058024038e-15 1.274489307105130994e-15 -1.483339574759154097e-15 -3.476402949454360401e-15 -6.441437641188864299e-15 -1.331778611794942522e-15 -2.565864724131218594e-15 -1.975208755639047621e-16 6.140924175235806736e-15 -1.326822608431644706e-14 2.244017089863402678e-15
-6.804968168834771930e-17 -4.693410666414201747e-15 -5.004234883001072194e-16 -9.016592808778947779e-16 1.338756152100236342e-16 3.355231307212816128e-16 -5.976119258332571198e-16 7.928051808560894840e-15 -2.621127457909847969e-16 -4.308651913111254752e-15 -2.052466824241469791e-15 -9.181849461200487090e-17 4.698047072275918560e-15 -2.125779353685460055e-15 -2.006610319027811787e-15 1.512992073681500673e-16 1.552390797930000212e-15 3.030546255024814895e-16 -1.192269297691400556e-16 -3.085493534821682455e-15 -2.745501254484688756e-16 -3.702467072584001582e-16 -2.237801214879921146e-15 5.568404439634531501e-16 1.871739683761436982e-16 3.587431822727921406e-16 6.750022923077079359e-17 -2.928249038713100912e-16 3.603169500361586056e-15 -1.348000880336706200e-15 8.161168535515094924e-16 -5.525143595128502831e-17 -1.637593417809703860e-15 5.980646673992868058e-15 -4.848303317833448234e-17 1.658794105795834565e-15 -4.429738334257967039e-15 -4.069121703941041533e-16 -3.729048352116952338e-16 9.407023324670809880e-17 4.208071922237395907e-15 1.689696546143780180e-16 4.186190269059818356e-16 -7.843002115328723868e-17 2.907864545241723007e-16 -6.475165263200658886e-16 -3.794614739215960198e-16 1.517378938214331507e-15 -3.959548993273883102e-16 -1.041770431720928155e-15 4.734583242779969418e-16 -9.717305638137328732e-16 -4.961336802880601185e-16 9.847109700381214851e-17 2.033451889088128458e-15 1.954228215411453264e-17 -3.242701667432070410e-16 3.055667059138664223e-16 2.177796086637518968e-16 3.228511839287650458e-16 6.465456363396120312e-17 1.995480506101441855e-16 1.312569574740016270e-16 -3.830981242295096023e-17 3.241993590334085744e-16 -8.332043133934221973e-17 4.093144405546334131e-17 2.222507700734529435e-17 -6.638392275249848668e-18 2.193518316460599881e-16 -5.292290700076404067e-15 5.486123323634729683e-17 -3.060206121681967502e-16 -1.527225549766871863e-15 -6.585727833694082997e-16 5.650197649737517398e-16 6.121779416902158172e-15 2.389839767606527619e-15 3.253321187812245703e-15 -4.002827662478217214e-16 -3.760604183942672025e-15 8.465348196779707001e-16 3.353046147959687223e-16 -7.467766174386348017e-16 -3.668653795604475192e-15 -4.335816105226552991e-16 -7.848894061002722364e-15 -1.908607992646096677e-15 1.389792900992589281e-15 -5.290260269374819106e-15 5.068795651418792215e-15 7.615992890622913365e-15 -3.869581548698874689e-15 -4.983801262713985242e-15 1.502707737356376956e-15 -4.331993625878158924e-15 1.120525544930527801e-14 6.131254459051918537e-16
-2.850073137268459080e-16 -1.098863627109854846e-15 -3.144951376981436864e-16 -7.307268088944589219e-17 3.329748711730318527e-16 -1.123924182564397048e-16 -5.204575294909336922e-16 -2.621127457909847969e-16 2.063730294555401204e-15 5.637077044460449733e-16 -1.037028859169690587e-15 -8.599619468788219518e-16 1.282199241145778407e-15 -1.083592068135956139e-15 -3.781635628648293126e-17 3.355932443691118473e-16 5.140513883759890022e-16 1.932974133910669718e-17 -1.912372723766791500e-16 -5.212851092586924477e-16 2.045719642687249107e-16 -5.971967414832775255e-16 1.588130256302669122e-16 -4.890956639881228821e-16 -2.564691014721048907e-16 3.938768237662731479e-16 6.075575577723514190e-17 9.459960526179211563e-17 -8.385727556398220392e-16 4.883567148620564900e-17 1.849656529870602207e-16 2.555886321707807058e-17 -1.143842926519374040e-15 -1.846024009776347221e-16 -4.227108261475881238e-16 -6.276754571929352071e-16 2.481586140425085256e-15 9.585864138295946525e-17 1.935881366090763164e-16 1.644498581009032239e-16 -1.184722432511804127e-15 6.578711368046625696e-16 -5.620687436502652127e-16 8.217101864297530366e-17 -1.979085298975303099e-17 -3.022608303751184245e-18 1.510460249410469798e-16 -3.889861757559885352e-18 3.641336260242753409e-16 3.788995007306755554e-16 2.651114062585285487e-16 -6.949295833778464958e-16 -5.477075443320911219e-16 1.329973415246609822e-18 2.728404194569228949e-16 1.257668720221691181e-16 2.523023672521852646e-17 1.103330354866917103e-16 5.218698623501169584e-18 3.873186340372556745e-17 -4.878997434331636778e-17 -4.128550325113603977e-17 1.456360861658899992e-16 8.585859628770095459e-17 -1.452232810960210351e-17 -2.126392433407616267e-17 6.912012459428245728e-18 -2.414468231486865053e-17 -5.487221893492328155e-18 -1.102813240980205429e-16 5.961639111296761642e-15 8.933637641385933979e-18 3.099830482443560883e-16 1.067112574979465979e-15 -7.992822314840174964e-16 6.700740497372797565e-16 1.287022703451617369e-15 2.297428712524741218e-15 -1.607632544148023506e-16 3.035346551933470827e-17 -7.017622283800883119e-16 -2.768626464512689292e-16 7.836409155696346674e-16 2.936873141055239177e-16 -5.846083221919212735e-16 -1.975066264162903945e-16 1.049160155987290232e-15 6.514638003444814026e-16 -1.572419602929028011e-15 2.559501618641591364e-15 3.366659030989730076e-15 -1.105537694371465149e-16 8.583432506047169730e-16 1.798383520980486268e-15 -1.752754747293719225e-18 -2.381648105363743667e-15 7.730231403306560904e-15 -1.505946185876625865e-15
-1.254588326560304596e-16 6.138110878233905800e-15 -1.426307364536722776e-16 4.847162544903564116e-15 -9.024091404166293551e-16 -2.244056099870750205e-15 1.193514041555655600e-15 -4.308651913111254752e-15 5.637077044460449733e-16 2.298449759355184297e-14 -9.269966159858302573e-15 -5.257454433549857367e-16 -7.039560296783270064e-15 1.073343351911124398e-15 2.776665580761101108e-15 -8.269925427091712905e-16 -6.371917704613654611e-15 1.795897619929301634e-16 4.615193867157653352e-16 4.951789653447905133e-15 1.994290747358882470e-16 -5.501215919624944983e-16 1.877659190611375853e-15 -1.273456626623359786e-15 3.683874380167854656e-16 5.754714787267504854e-16 1.167220435699018259e-16 6.472527346419175132e-16 -2.817794695509254603e-15 9.494725638552217741e-16 -5.501795783085847702e-16 -3.791104318955645634e-17 -1.552959235441729995e-15 -1.048127118739034380e-14 -1.948808799785675196e-15 -1.704358547803731579e-15 3.337110654887161125e-15 1.470502725098677264e-15 2.277074929135884961e-16 -1.967086691789476419e-16 3.020192980955822459e-16 -5.654672856580964540e-16 -6.783891022349423699e-16 5.544894676163737079e-16 -8.081586404480993715e-16 2.806769037702245621e-15 4.483671322664544258e-16 -2.574579368925727477e-15 1.859798582428993275e-15 -2.636089856658969585e-15 8.355950125848301775e-16 2.392169680967379770e-15 1.079447287628243651e-15 -1.316792774138453045e-16 -7.792997223674920288e-15 -4.667764135135586806e-18 4.403650201934497014e-16 -2.282062466889226021e-16 -3.205430066360467142e-16 -4.077315101380234380e-16 -2.053230712809802349e-16 -2.454175811692921771e-16 -9.973397685605582023e-17 -1.053759143319228643e-16 5.050401387278992168e-17 1.434291698282955957e-16 -1.039736709767472190e-16 -1.994839968867805684e-17 -1.096057768559863112e-17 -1.441922143094625481e-16 -1.117443672246622610e-15 -3.084962036557795030e-17 -1.834913311488668749e-15 3.043796712364051733e-15 6.051250236560209714e-16 -2.269113885299259903e-15 -1.343142897242419086e-14 -2.496664104435470110e-15 -5.288912640554133476e-15 4.645077480601243155e-16 5.644364187127909015e-15 -7.361188864840282307e-16 -1.238013232734061524e-15 1.674037064027862467e-15 3.783092625244715724e-15 1.300805467634282819e-16 7.961216231056455449e-15 7.723698092268165224e-15 -7.032896011814749153e-16 6.606170420909831683e-15 -2.686379585826393483e-15 -6.446588385950529263e-15 1.875281747526285294e-15 8.542813633230404938e-15 -2.578519065944257145e-15 5.927710274830207339e-15 -2.372853791024960269e-15 -1.399154230093740828e-15
3.629852537714067506e-16 1.075446064023083205e-15 1.456681779049772973e-15 2.035711138365750677e-15 -7.444093825993722301e-16 8.054157867570423680e-16 1.120041363652362197e-15 -2.052466824241469791e-15 -1.037028859169690587e-15 -9.269966159858302573e-15 1.449845791522387764e-14 8.230624531150172208e-16 -2.697015352992194221e-15 3.774628232144396774e-15 -1.136760576067230445e-15 1.022820253392682965e-15 -3.659785405019160932e-15 -3.885078206664770976e-16 6.511383976043096562e-17 -1.266597946115478199e-15 -9.379881541558930158e-16 2.282120584203154627e-15 -5.459820905061662569e-16 5.361178513130855171e-16 -1.360660001819510149e-15 7.456319093988332633e-16 -7.077717686933195928e-16 -2.792826875262532747e-16 -1.988640048892716867e-15 -3.103412212824073004e-16 4.808570914756877990e-16 -7.088660442791422490e-17 1.141840632919953965e-15 4.923221285606209749e-15 2.620414131802763672e-15 9.062085379021887559e-16 -3.575966600441132819e-15 -1.047603592214162806e-15 -4.466727731391491199e-16 -3.423319119341322582e-16 1.127027073637602337e-15 -1.773803083350945626e-15 -7.940912039836649703e-16 -2.400394459115684191e-16 5.614597824148923567e-16 -3.481117513295178998e-15 2.205871384857295689e-15 -5.197076872411504208e-16 -6.270168658748567555e-16 2.649857858808523837e-15 -1.337663324088287932e-15 2.732230678957913563e-16 2.315576272073273908e-15 -5.166145317267791616e-17 3.866023157845389612e-15 -9.902770888218609116e-17 -2.037263523912265831e-16 -3.500862157231923036e-16 2.430080588801008465e-16 -9.941565426446000507e-17 -5.133363492777148024e-18 -3.117262238094417912e-18 -1.563004642900674739e-16 -2.679682957126688784e-16 4.210138656405070268e-17 -7.393098043342002251e-17 6.003306882611288789e-17 5.052619371626322904e-17 3.585320378938547278e-17 1.436101259731970481e-16 -4.824153945706092225e-15 1.232694085731339582e-17 5.017463044213296955e-16 -4.918099246305116057e-15 4.184192984237750638e-15 -7.921248375880797052e-17 3.980284870243561567e-15 -1.476534258172331532e-15 1.595250964671831163e-15 2.385504372441532994e-16 -2.793953182975759833e-15 6.698601521910759308e-16 -1.160026230668299615e-15 -1.295941115421141192e-15 2.341662038103598006e-15 -1.893871686375830058e-15 -2.243318630929046404e-15 -3.808308178099152956e-15 1.176478405079295539e-15 -7.227335273843277947e-15 -1.874812352664780973e-15 -4.187404944910113304e-15 6.326746622291584452e-17 -7.296771529430559336e-15 1.888621048346728309e-15 6.203709974846960776e-16 -1.049710525413106731e-14 6.458078337689968077e-15
4.296611275082877317e-18 2.380647693056244127e-16 2.428385031379287311e-16 1.475487228438093811e-15 -8.279626761565676685e-16 1.032236539485704911e-15 -3.679841638379206365e-17 -9.181849461200487090e-17 -8.599619468788219518e-16 -5.257454433549857367e-16 8.230624531150172208e-16 2.947989705138042434e-15 -1.384377728845491849e-15 -4.489811121133632442e-16 5.927711198755758898e-16 -2.420861023882953897e-16 -9.687946948792715716e-17 -1.305641143898720439e-15 3.203442074761059224e-16 -2.745133847005529655e-16 -7.276627029112227193e-16 7.229584654923290748e-16 -1.029427747569775198e-15 2.731162296062389225e-16 -7.422684667692509372e-16 2.234160088003961999e-16 -2.499821629404475457e-17 2.616215161376771006e-17 -1.301567659369065153e-17 1.502959404071257026e-16 1.482379022451177367e-16 -3.666481809533149198e-17 1.210410969254775629e-15 9.849754599989314013e-16 1.007484774989899900e-15 1.549366672589294102e-15 -2.975666876855512733e-15 -3.724667150405781822e-16 -7.816302279665672472e-16 -1.520367343881863994e-16 1.616889257585662471e-15 4.868425739776709086e-17 -5.859517653921515947e-16 -6.109922286061049546e-17 4.666138706956120208e-16 -2.250824509523161721e-15 9.715486491021579868e-16 -2.224976712439635296e-16 -4.870253940565173170e-16 -5.721104540564203563e-16 -2.755377950896262238e-16 9.251287622832742546e-17 1.307713615967036819e-15 1.236440956380717093e-17 1.245565441887219037e-15 -9.284173807618119846e-17 -3.040084182974288830e-18 -7.274349923755164748e-17 1.531147282687246872e-16 -2.210746135518407659e-17 8.974311595622680442e-17 -1.419997795573390651e-16 -1.843202113041178961e-16 -9.312087783139690388e-17 -1.439620128521944725e-17 -1.342163795203983562e-16 2.350058444280266191e-17 5.867865536814219991e-17 2.222882213883759798e-17 1.147811981015277836e-16 -1.879709331251180936e-14 1.494102444159553547e-17 -5.567339917155579458e-16 -2.853512547785581089e-15 2.185157446749437758e-15 1.325221182674475423e-16 -5.354891011113884756e-16 -1.063361630090203177e-15 1.731302777129786041e-15 3.745346476717453435e-17 -2.912938672818952439e-15 9.490356674996001719e-16 -9.463838903221551121e-16 -6.889021779205820936e-16 1.242094310433068512e-15 -1.157232563011462705e-15 2.055117622313667443e-16 -9.066450754578784856e-16 2.282492619678612999e-15 -4.919857105470914428e-15 -3.125919574311048128e-15 -1.670820032604056073e-15 -3.241520277457133115e-15 -2.864715596581693074e-15 9.613822451044264923e-16 -1.445534165422414585e-15 2.482191335759535362e-15 1.546947791301850274e-15
-1.082591540170972609e-15 -1.395007834604298532e-14 -1.837827338047272858e-15 -3.807459797193718623e-15 2.443348711819324257e-15 -3.160548735629667377e-16 -1.073598787581747243e-15 4.698047072275918560e-15 1.282199241145778407e-15 -7.039560296783270064e-15 -2.697015352992194221e-15 -1.384377728845491849e-15 1.328292164954446497e-13 -3.098405276717084675e-14 -6.436615856616994474e-15 -1.238542720157212592e-15 2.423337976565378523e-15 5.150845449302109056e-16 -9.696736114079145484e-16 -1.708747648344241147e-15 1.788170639394529049e-15 -6.407683293203920131e-15 -1.019181482889045941e-15 -5.570566820197904193e-16 9.612879626736052692e-16 -1.424440685493062524e-15 3.663798524434270635e-16 1.008584840589978449e-15 -4.358185853422426279e-16 1.952123040119658072e-15 8.353462433702522618e-16 2.507152333483720099e-16 -2.503771723050239694e-15 3.292043450004491296e-15 -7.377558400044832750e-15 -5.158460840336844845e-15 1.593883806140433060e-14 7.772964695319938451e-16 6.431799478069011488e-16 1.464432925292012917e-15 4.921784971256197064e-15 -3.873991643227331889e-15 3.198859320055670902e-15 5.483128253756777633e-16 -4.544340574250052077e-18 8.475721548631997763e-15 8.652765732969080325e-15 1.660366483382814674e-15 3.318060854787367242e-15 -6.413565501200923807e-15 -3.650787317422191687e-16 1.408483247168940094e-16 -4.958692262232835793e-15 -3.280298626193358728e-16 -5.346955355946306166e-15 -9.543828559761082752e-17 2.783238849301899712e-17 1.129991300509057276e-15 -3.769427482567239602e-16 6.014725184435550791e-16 -2.962406268470572582e-16 7.561456627309481634e-16 4.996136846475362318e-16 2.919804134697098199e-16 8.682032103602684375e-16 2.625352103554581571e-16 -1.029967091277293164e-16 -2.582521789546086233e-17 -1.879894754029282728e-17 2.613955084753061467e-16 3.721901537016748179e-14 -1.372525105887335283e-16 6.578756871474281049e-15 4.822795053235539329e-15 -9.724976792881256371e-15 4.013176028555418375e-15 2.938261555990277071e-15 2.704901103981025402e-14 -1.172816758699046041e-14 3.995467157477505175e-15 1.808798497807805559e-14 -6.085430869388499287e-15 3.185086947043052330e-15 3.069880789511933686e-15 -6.501169073311127746e-15 -2.808487593879359330e-16 3.921211881196413396e-15 1.070699943860688420e-14 -7.573523921316100168e-15 2.444981705076151180e-14 2.502051109314078795e-14 -1.042377944946387834e-14 -1.110875070127797082e-14 1.394805838239091196e-14 -2.581699359109214953e-15 -1.323022517752255521e-14 -2.678556774022287049e-14 -9.489270257284737236e-15
3.542885544122402973e-16 -1.424176549624273075e-15 -6.817383932395902838e-17 -2.155554898140351526e-15 1.542697631969538407e-15 1.561580952838154152e-15 2.983045730060267205e-15 -2.125779353685460055e-15 -1.083592068135956139e-15 1.073343351911124398e-15 3.774628232144396774e-15 -4.489811121133632442e-16 -3.098405276717084675e-14 3.114718216610313383e-14 -8.807683906514450885e-16 -5.455469210952212721e-16 -1.284317153638308588e-15 1.002084048881313950e-15 2.915315252646129359e-16 -3.463521354566402678e-15 -1.961208812477071353e-15 3.339338134266542655e-15 -6.841086865099395558e-16 3.539559860843967175e-16 -4.491639752580258115e-16 4.013815227931397936e-15 -1.091276534053002152e-15 4.863064158862003874e-16 -1.549363402545855079e-15 -8.742974202106325655e-16 -1.802059901080303159e-16 4.132094259715953133e-17 -5.715092119954700409e-15 7.921092661036503089e-15 4.342772882029853924e-15 -2.491992690695210605e-17 2.347077488186848892e-15 -2.394818853604175848e-16 1.580017653980691969e-17 -7.385888446283337538e-16 2.740208912517974401e-15 1.287099250874881884e-16 -3.236842135138834259e-16 1.462460109670825929e-16 -2.853383549493512530e-16 -2.876823231589181085e-15 -2.939655558905611823e-17 4.551759176928991102e-15 -4.123351197748272295e-15 -1.404724121522374465e-15 3.715165622722254045e-15 5.526150248378853397e-16 2.573632141141229671e-15 -3.832891950630810618e-17 -3.862597876205927504e-17 4.255635508822065780e-16 1.396903306050502723e-16 -6.120092284231771950e-16 4.489104802288473223e-18 -1.664739572312872517e-16 5.913408660196756922e-16 -1.802961233896938941e-16 -2.604750564544884223e-16 -9.518421543919294065e-17 2.935805772578770172e-16 -7.829477906272259539e-17 -3.137557117726951460e-17 3.815930605847150753e-17 3.579281900959252347e-18 3.633548646629401857e-16 1.273304409745974243e-14 1.466383847765918588e-17 -2.548131522751990547e-15 -1.505169371494743816e-14 1.187952630294192329e-14 -8.861427984464690306e-16 1.917862239494105275e-14 -8.967885859834328779e-15 2.080836674004612857e-15 -1.926146729436267521e-15 -1.915234429342880941e-16 6.498316590645246091e-16 -1.034585640469750410e-15 -1.469589713353180616e-15 -3.175502770244201678e-15 -2.658143724882583141e-15 -1.322730740394674333e-14 -3.924771160817583983e-15 2.293460789547557361e-15 -1.347352780858326167e-14 -1.226579049749657830e-14 1.114126059242670241e-14 1.325230408452611829e-14 -2.049566312497930508e-14 1.947186863644480748e-15 7.079203941240294858e-15 -1.715242493432192776e-14 1.323480247462867367e-14
-4.237849991393315936e-16 4.782097616971598265e-15 6.448207180186837986e-16 1.938572795588206692e-16 -7.127834545194686208e-16 8.510885547475440540e-16 6.685846039341207948e-16 -2.006610319027811787e-15 -3.781635628648293126e-17 2.776665580761101108e-15 -1.136760576067230445e-15 5.927711198755758898e-16 -6.436615856616994474e-15 -8.807683906514450885e-16 1.165425659598371349e-14 -4.031424641680944550e-15 1.801678400098290492e-17 -5.100330671350273556e-16 4.539016452499293174e-16 4.565704896526867817e-15 -3.310660765851501157e-18 -7.533709730624349239e-16 1.506219063554556772e-15 -7.014439034807881034e-16 3.217893444846263911e-16 -1.239672357423114516e-15 7.825984008034237000e-16 2.296922695788383808e-16 -8.120634905041409759e-16 8.918020724865038101e-16 -9.800455506089767879e-16 8.263832815328880199e-19 2.659621127711696059e-16 -7.808777905121181887e-15 3.429275514658691048e-16 -7.947415467215575707e-16 -3.519820164898702411e-15 1.285630152185344408e-15 8.874640007393235938e-16 -2.435401818898211444e-16 -4.489208785430325648e-15 -1.132807203723276224e-15 -3.657513193885350646e-16 6.949922623901104586e-16 -5.532864028229390657e-16 3.695704694794988090e-15 -3.287127798331985793e-15 -2.872080323360982377e-15 1.258893689753494533e-15 2.612654511161516765e-15 -1.606629329172418606e-15 1.419110660530992312e-15 -1.333732417020012493e-15 -7.415732837571940305e-17 -1.943664029224542411e-15 -2.558510480008744767e-16 9.274663667659613160e-18 -2.061421860756745429e-16 -2.721927784985542685e-16 -2.419512423197523732e-16 -4.597208592888038034e-17 -6.667872616379477258e-17 -1.918099578050625578e-16 1.763843712448584466e-16 -4.171106748221846523e-16 1.458501401696967434e-16 -2.730441784423281196e-17 -4.454678886116570235e-17 -3.596524713975291899e-17 -1.206125699546046119e-16 -1.197564338736491434e-14 7.757908732036516405e-18 3.285480471883624130e-15 8.161942962640721854e-15 -6.839300653500797069e-15 1.808758827568044030e-15 -3.536604454647499778e-15 -5.340736544049657607e-15 -1.464054700117510039e-15 -1.328744336350513420e-17 -8.980377958805262438e-16 -2.667657034521212692e-16 3.819502614344734428e-15 1.607212102589634079e-15 6.861188382050811227e-16 2.602215777238148549e-15 1.064981429300820215e-14 -1.068949572423549935e-15 2.427130139348885877e-16 7.924993682824680109e-15 -6.433095338810424182e-15 -8.277369038139484980e-15 -3.585856971395911468e-15 9.441220692620878223e-15 -2.544637397918160911e-15 3.383072248953447776e-15 -8.285559772349525691e-15 -6.981253958419965712e-15
