1.220509957949277776e-15 -1.652297822960686481e-16 -2.092100900653890109e-16 4.982593956963504426e-16 5.081583115024685854e-18 -3.072134835189358176e-16 1.605664845634275928e-16 3.263205908354189213e-16 -1.175772144099080448e-16 -4.803009311675387571e-16 -4.711653344741604806e-16 -2.875434945187743337e-16 2.753789257403064635e-15 -1.078185413727272681e-16 8.253948081663217269e-16 -2.181904614317032551e-16 7.279574673952141883e-16 2.609789688992252093e-16 -1.185563571923325253e-16 -5.312374574346988776e-16 9.898642759978936082e-17 -1.943160438863484371e-16 9.663978915261414207e-16 9.052941387982637264e-17 -1.282978561667096997e-16 5.126769221452297683e-16 -6.864958536923540581e-16 -3.927319281379143153e-16 -1.387828153636801319e-16 2.335162512990853716e-16 2.313046608775670501e-17 6.656572262335761474e-17 -2.120123386599627301e-15 -1.209221263036164425e-15 8.131960497412664931e-17 -4.036632456592568698e-16 -2.156081290740221355e-16 -5.921088181657201983e-16 -3.366527202104949216e-16 -1.194235782283312852e-16 8.614225215969379129e-16 -3.835119389239151247e-16 -4.294953706117398747e-17 -5.427264965471459419e-16 -2.211538772030519947e-16 5.604233812732041716e-16 -1.210518922282017017e-15 3.740217104893375185e-16 4.241902191963823728e-16 4.778057600921114835e-16 6.956477572061973179e-16 -1.151260243780199815e-15 1.171000701863965235e-16 -4.922178256140377534e-17 3.814299883778078514e-16 -2.289689272026775268e-17 -3.641595081451886883e-17 6.161226335668085858e-17 -7.423207850640900499e-17 -2.755555149132598415e-17 -7.390953604982317945e-17 -4.031472359028697661e-17 -6.678278891286222052e-17 7.504406135772925228e-17 -5.699913220919025838e-17 4.130035730868712743e-17 -1.270955122240987494e-17 1.117398409847456464e-17 -2.344281026005323392e-17 -2.060500525846233584e-16 -3.460786254790929002e-14 4.220585043754270667e-17 1.493463450448873278e-15 -1.123524345104198437e-15 -1.052854927820236743e-15 1.263973840515289668e-15 -3.727201205200195621e-15 7.356373477013752279e-15 9.630098860307574738e-16 8.299065661575222669e-16 -1.164991103366335154e-15 -7.888480532466649769e-16 1.377879140199278615e-16 5.080623520104559586e-17 1.338954965225896915e-15 1.032718638762127942e-15 -3.869830945787736448e-17 2.693750117994265946e-15 3.356863841658568989e-16 -1.907276471315263790e-15 -2.997244340570942197e-15 9.366577645958177742e-16 -4.453991414547838107e-16 5.893617402997814995e-16 -2.468459163973372310e-16 2.244057809760441504e-15 7.693213811628200165e-16 -3.784104242302630783e-18
-1.652297822960686481e-16 6.248427811806433303e-14 -1.372451713907109472e-15 1.271907895332795939e-15 7.026116751413476891e-16 -2.115543029061846285e-15 -1.661977966485254110e-15 -2.379429250863986327e-15 1.540624383923992912e-15 6.095216651937509714e-15 -4.280100312149691932e-15 1.485274535518678950e-15 1.268261801825155108e-14 -4.695376287524169381e-16 -1.220262089284424520e-15 3.164681912865035753e-16 -5.125434374334707395e-16 2.270096314727504883e-16 -4.791047405669768714e-17 -1.878352944109381812e-16 1.795624196463492791e-16 -2.321043353078637098e-15 -1.820529813107643045e-15 -1.479450496612355091e-15 7.675301504557053640e-16 -8.851021021629284536e-16 -8.469642231127914800e-16 5.016729480610384149e-15 4.104737771486119405e-15 2.464694201347690616e-15 -3.307478646696131511e-15 1.417470655287421043e-16 2.946495404993681711e-15 9.522347602128518541e-16 2.871530655815503126e-16 1.779960246021194830e-15 -3.572557349016629957e-15 2.382540281154155280e-16 1.287262120861066132e-16 8.643112301069546610e-16 1.648140261602641678e-15 1.923776079080380693e-17 -4.222984247466123222e-16 2.997156313674567194e-16 -1.791223531325640027e-16 -2.476502013550541788e-15 4.643228109669921528e-15 -3.010134114316602771e-14 3.246836299586673070e-16 -1.892980508594708819e-14 -8.605985110472547537e-16 -2.353102091406155543e-15 -8.504902885270240163e-16 -8.052004228690423169e-17 -1.037329969677302880e-14 -2.181629879814442841e-16 2.497863797521831659e-16 5.522121924915823152e-16 -2.308924416663457432e-16 4.072773323183546895e-16 -1.782280401041174584e-16 2.559537866823890652e-16 -9.070910422693684763e-17 -3.025364009422840850e-16 -1.231075949269188971e-16 1.758452389186445156e-16 -6.061138139798172507e-17 -3.344192449851185894e-17 -8.992494180747078245e-17 -3.043106334703289820e-16 3.194834615211687517e-14 1.780089399198153467e-16 9.280466412330792653e-15 9.621448901246990674e-15 -5.580427308700467160e-15 -2.401095647323054064e-15 -5.293098149022878211e-14 -7.361869825872331742e-14 5.031855399170287660e-15 -3.556309645443352118e-15 -6.025456448774123312e-15 2.633225133263527114e-15 1.054988578692905275e-15 1.602449995843271637e-15 1.307783304316281946e-15 3.925623266821770408e-16 6.234661188705911557e-15 -8.650660125251361075e-15 -5.762036233199241904e-15 8.200358481957185278e-15 -1.821911883989530034e-14 -2.041229930047795911e-14 -6.237511050400625051e-15 1.008745558459606618e-14 -3.010833211028760084e-16 1.084603897007540171e-14 3.108215671694890215e-14 5.704553318539211996e-16
-2.092100900653890109e-16 -1.372451713907109472e-15 5.596410636091021887e-15 -2.252466700914377253e-15 5.531987829414875275e-17 9.080058250583878349e-16 -1.729154680567361040e-15 -5.099759231579732028e-16 3.046864497140254974e-17 -8.203485148360419460e-16 1.509177655731255747e-15 -5.268484508648070639e-16 -7.190649889111764929e-15 -1.933921511536478783e-15 -1.346033922939122171e-15 9.938770768513504664e-16 5.569475445846906239e-16 5.013959242438397128e-16 3.607823031240610058e-16 -2.780266968638286515e-16 1.548391801888386745e-16 -5.722286009122395271e-16 6.700954823615772036e-16 -7.009637276451765123e-16 9.763134936954296478e-18 -1.008925848792496889e-15 1.181928163590084872e-15 -6.501452704727597920e-16 3.245526611883933478e-16 2.709036491911712086e-16 3.661425771398207898e-17 -1.352666617622153105e-16 -4.826522109125702104e-15 -1.633498259291700465e-15 6.028755267007083453e-16 7.077495883937415286e-16 -5.878354638017195266e-16 5.584971342791391035e-17 3.758908354018595283e-16 -2.545875637517698155e-16 2.804846476565942987e-15 3.810462572954675786e-16 3.665510266192891207e-17 -7.259597641695425306e-18 2.455310704318184883e-16 -9.851453493059845249e-16 -1.569567705706957423e-15 1.419702513353141942e-15 -1.162858747832081604e-15 -7.368303525031477717e-16 -1.522764005297510791e-15 2.866952604123602058e-15 2.172545714491428034e-16 7.250532069397888638e-18 -7.053285268728674713e-17 -1.190116913123315006e-16 5.119658584527586489e-17 -1.343620785432318608e-17 1.340179932866251236e-16 9.194540957082807199e-17 4.273639384936362046e-17 1.004066508627805250e-17 -1.010466979630486594e-17 -1.220265797752831669e-16 1.196214583977958101e-16 -9.244083422999809843e-17 -1.162882947023900164e-17 -3.125334389254902502e-17 2.527892008280077408e-17 -1.431446056126360143e-16 -1.098881215125539323e-14 -4.373680798277034312e-17 3.013818141731307577e-15 4.501490598345167426e-15 -3.825370790439096478e-15 2.385055008380962852e-17 -8.368473649482477480e-15 -8.936114279364664038e-15 -1.557588818949021667e-15 3.536043097910551565e-17 5.586177547870937813e-15 1.350092061290621690e-16 -5.884874947982788801e-16 -1.136076453416987852e-15 2.751578173592285276e-16 -1.313292077995447945e-15 -3.835950696499241406e-15 -1.919942400268588754e-15 -5.805559818752816673e-16 3.983195664588078637e-15 1.783826137572187422e-15 -3.346569104261869486e-16 3.064415744572077849e-15 -3.341514799685259154e-15 1.687822161648547652e-16 1.493012376406479576e-15 1.350090584329659950e-14 3.798625090078445764e-16
4.982593956963504426e-16 1.271907895332795939e-15 -2.252466700914377253e-15 8.726229255338756847e-14 -8.498992785334405209e-15 8.781243199749690191e-16 1.823368101889281963e-16 -1.561262031166874256e-15 1.696366837063662071e-15 1.421440042060092773e-15 -2.845746776203572906e-15 -5.790004697260321135e-16 9.826149128690596498e-15 2.990072488777934587e-15 -1.668979599464723933e-16 -8.866694130973910777e-17 -9.307980901933882719e-16 -3.010377381785394668e-16 6.915959677214681366e-16 1.186806896632067442e-15 -1.213097892127727186e-15 1.943423590580676645e-15 5.869982165372654723e-16 1.332361918051938039e-15 -9.222311098463500082e-16 1.170503531879319490e-14 -3.764922477330781839e-15 -2.775508257835818018e-15 1.958051078561358449e-15 -2.918128869584875907e-15 -4.406281188849848753e-15 -8.735119543657365657e-17 1.109205497833099667e-14 6.740145398832117974e-15 -5.606755410636442383e-15 2.484161309749442276e-15 -7.543444737101953900e-15 -1.688432077209941935e-16 -4.010097974342812125e-17 3.487841005749141569e-16 1.301666820096899856e-14 -3.299444154774940911e-16 -2.397416812665261130e-16 -1.260918062216738183e-17 -1.599000056577291674e-16 -4.221598470924726504e-15 1.178176810689614008e-14 1.017975237826213209e-15 -6.529638525467381554e-15 -1.543886309765638104e-15 -3.508769525511626493e-15 7.974001471167271499e-15 -3.415676333992087989e-15 -4.358908796891382258e-16 -1.979307776263851704e-14 4.921867997736334060e-16 -1.911388835153716052e-16 -7.396229753863582193e-17 -3.445529999045889992e-16 4.958371833867097341e-16 3.836062284152953642e-16 3.525778617912876387e-17 -4.983295030810776493e-16 8.173662658047931239e-16 -4.106077082181929693e-16 2.685013851403293045e-16 8.348658756839012350e-17 1.298396698175196664e-17 -8.228323639100229808e-18 -1.755368277151726271e-16 7.977387376998817224e-14 -3.342900225782960231e-17 -1.299969880104402311e-14 -7.905337352401650413e-15 8.113402857970952660e-15 1.242234369094435480e-15 1.826874390785700059e-14 1.286623262060561280e-14 -7.471313691923816032e-15 6.713521785253715173e-16 -4.500435347562730246e-14 6.209774179715037373e-15 -2.031777673614633399e-14 1.908638703653285086e-15 -2.542132888050925099e-15 -4.294880800630075768e-15 1.257149720573981286e-15 -1.975991464164013531e-14 3.069731144735534853e-15 1.475993522259472194e-14 3.981764254686360680e-14 5.295466184430392667e-15 -2.141670798131589695e-14 2.124378497831422923e-14 -3.184795454000478949e-15 -1.241310744023378044e-14 -2.132624920908117024e-14 -4.180261479242108531e-15
5.081583115024685854e-18 7.026116751413476891e-16 5.531987829414875275e-17 -8.498992785334405209e-15 2.968699788228061363e-15 -8.905158381298081640e-18 3.409995150498075513e-16 -4.284155989815907982e-16 -1.180560675720209619e-16 -4.189584252277001106e-16 1.503832171998255303e-15 -2.267211513043121404e-16 -1.900202833053910790e-15 3.795687376411338753e-17 -8.411603554217040173e-16 -6.468787730976504841e-16 -3.510216916409834495e-16 -1.196006910274895392e-16 2.380213064841564305e-16 -1.141351421619513530e-15 4.092180367550097745e-17 9.296129846479207780e-18 -4.911729252532324540e-16 -3.674821548665083799e-16 -1.520889572041001358e-16 -2.669800930547309276e-15 7.848199457759933127e-16 7.390225158213859036e-16 -8.452048787593547239e-16 9.838493745183823887e-16 5.800630941579338165e-17 8.862628542132832998e-18 2.228326230401050525e-15 1.047266104779454278e-15 2.539720211945457349e-15 7.971824487477265240e-16 -2.888494517181272190e-16 2.712829795648239432e-17 2.234108308498307889e-17 -2.555801446674908658e-16 -2.245649759504123770e-15 8.331986048227633071e-17 6.215164965360881772e-17 3.960206459719827554e-17 -1.053963406655516068e-16 -1.940664286708318849e-16 -7.655753446793587660e-16 3.950060287052100145e-16 -2.468093254300710250e-16 -2.158238454164631034e-15 -2.768684036783824166e-16 2.932216529547815617e-17 2.033481424717798127e-16 6.530252647717687266e-18 -1.815127351300223477e-15 -7.143632001016169218e-18 -6.275555910551543298e-17 2.115473706069776701e-16 -1.388856787964447170e-16 1.646913797281169743e-17 -1.769940506586753164e-16 1.027226732643651054e-16 5.143701395080676102e-17 -7.883914936182472422e-17 8.647009265144105314e-17 -3.586387946066240853e-17 -3.461464416359262869e-17 -1.603663019431765454e-17 1.230356864563087112e-17 -2.016943415665221423e-16 -6.901926645155154277e-15 4.284903730185634294e-17 2.328944563296734330e-16 8.117966103665553292e-17 -1.217124982146830360e-16 3.912129164213338520e-16 -1.130823118369982562e-15 -4.445577241119593654e-15 1.430622366247867049e-15 -5.181667270738429367e-16 5.363244382157404370e-15 -1.688776546660139268e-15 3.028376569291581157e-15 -5.739531615516692955e-16 1.274795733535917454e-15 -7.274876218447313562e-16 1.597837894037387580e-16 -3.754712524522303865e-15 5.106500263190571007e-16 -1.590703971375950191e-15 -4.486355478851982379e-15 -1.428541383956335922e-15 6.285892865706983796e-15 -7.888792288230884486e-15 1.110325441101370984e-15 1.144987915158923597e-15 4.847424030357168067e-15 -1.342743782512386361e-16
-3.072134835189358176e-16 -2.115543029061846285e-15 9.080058250583878349e-16 8.781243199749690191e-16 -8.905158381298081640e-18 2.475158921426459594e-14 -7.469958535887705835e-15 1.817985597722612789e-15 -1.097725991722262352e-15 -2.831643241040767766e-16 1.535524446967003111e-15 -9.455423839273547578e-17 4.937740995925743519e-15 -5.358002987667063925e-17 1.690777687601145829e-15 -1.432759104278934982e-15 -1.261644030715691286e-16 6.520872262098930475e-16 1.074283396527290283e-15 -2.640902999518895655e-15 -7.185303372926824246e-16 -2.017033763115895335e-15 -5.878264791225832177e-16 1.241671578851668079e-16 -2.441004760411264701e-16 4.667732082487435655e-15 -4.504502451715654220e-16 -1.048359316754908119e-15 -5.009264523810735037e-15 2.196015124170972837e-16 1.776320855676799943e-15 -2.781511151788803141e-16 4.944997290866342609e-16 9.606887317791444943e-15 -1.064843484934993845e-15 -1.630560141981232681e-16 2.540684370079309414e-15 1.528257302141742469e-16 -3.447790346688553019e-16 -3.819213358122877646e-16 1.040759705774191118e-14 -4.566027632246496981e-15 1.484189627234656016e-15 3.920267897056539262e-16 3.480351036821844632e-16 -1.458829230081364911e-15 3.471600807656592144e-15 -2.645461977820948096e-16 1.337282931172852927e-15 -4.491720115170656178e-15 1.398696707030451875e-15 -6.143038009561728296e-16 9.072018910519147432e-16 -9.007358956047582665e-17 -3.607423651200983819e-15 2.087556019510631933e-16 7.687504060592079197e-17 -3.518843869485893920e-16 3.920612974014774041e-16 2.501523961046347715e-16 9.803090312917815004e-17 -3.283742088562466273e-16 -6.940590631480809946e-19 -1.978943028794494036e-16 5.722642954397441711e-16 -1.414772182218584781e-16 2.303985412068061411e-17 4.052406924904672470e-17 2.491036839846119883e-17 1.658905985806314937e-17 7.900666304510274091e-15 -1.492835981861741787e-17 -7.428459824205366258e-15 -5.043933114579758148e-15 4.847326849487956298e-15 1.686597419724935152e-15 -1.783234566070003708e-14 6.447647930355446660e-15 -2.706015650857140893e-15 -6.818036472822594898e-16 5.504626242631170961e-15 6.449050833321441837e-16 -3.015240120029081004e-15 4.267322419732054663e-16 -3.588207838256961715e-16 -5.794567908821359951e-15 -9.978124039110935791e-16 -1.401396471934657170e-14 2.522335840258411940e-16 -4.405300196424218923e-15 -3.183077738648153973e-15 1.186717986206739037e-14 8.996902152812154947e-16 -4.315253879829457099e-15 7.968599420959602412e-16 2.716215920018078062e-15 -1.508992453248208896e-14 4.536702269461748692e-16
1.605664845634275928e-16 -1.661977966485254110e-15 -1.729154680567361040e-15 1.823368101889281963e-16 3.409995150498075513e-16 -7.469958535887705835e-15 1.015489507480775095e-14 -1.343163997848765649e-15 -5.036799159046932445e-16 7.574849834604597715e-16 1.530444724141873176e-15 -2.633619297116227332e-18 6.695611159029728635e-16 8.167592290509444440e-16 9.286225415898069887e-16 -5.121955074709135553e-16 -3.110176789179670418e-15 -4.773487136579749292e-16 -1.140519277615055387e-16 -1.388370409393316060e-16 4.093867808636985322e-16 8.275717383049767795e-16 4.190077710681969816e-16 3.602731377695056626e-16 3.765752781826147123e-16 -2.313380950422683072e-15 -3.759243968661244920e-18 6.475251128485825322e-16 -1.232253996930886482e-15 1.481601655083872976e-16 -8.457789841726725555e-16 -1.216536464131899781e-16 3.416488667306674123e-15 -1.014327484498999090e-15 3.793754909537290377e-17 -2.981442233660470774e-16 -6.972020867735828469e-16 -3.580220007180928172e-16 6.774244458998244068e-17 -1.188135544131651427e-16 -5.616845513971224965e-15 6.375699098184970496e-16 -1.453949404995596971e-15 -2.205325576053562828e-16 -7.235868944710289323e-17 9.350342703552825898e-16 9.430599556859691785e-16 -9.948628360638422767e-16 2.627853647661055250e-16 -6.085488973414015852e-16 -4.689660200171339925e-17 -1.011612481687361477e-15 -1.747519564116404714e-15 1.200194726108056679e-16 1.913923140054879450e-15 -8.327395468245444381e-17 -3.072004790411286288e-16 1.155243057857375984e-16 -3.875951354946965624e-16 -5.859528664250776815e-17 2.412591436648571637e-16 1.792224387410525040e-16 -1.019753538417900611e-16 -7.238930679615010385e-17 -4.720362978218062790e-17 1.192571608687742975e-16 -4.058713339043913342e-18 1.678801711066296368e-17 -3.688501650199617190e-18 1.811987620955693777e-17 1.363928133746553110e-14 -5.453776518764028195e-17 2.215030183069673132e-15 -1.015758011191128421e-15 -1.805290100477823874e-15 3.792067598995382625e-16 2.474456690823816697e-15 1.062430390708742731e-14 6.288773776196091159e-16 4.723545758562698963e-16 -4.172985341123481544e-15 -9.859763774453530030e-16 3.303253754438661073e-15 2.776128937151127846e-16 -1.719382706836127056e-15 1.386582425041833588e-15 5.286843099644940777e-15 2.244903877627469613e-15 2.571367525041347319e-16 2.129354260422515283e-15 -8.028409594812681730e-15 -3.995177748071675250e-16 2.804731233929491588e-16 -1.106694651398214139e-15 3.105258817906583359e-16 -2.127345287204436111e-15 3.610143292963865719e-15 -8.973155898461259356e-16
3.263205908354189213e-16 -2.379429250863986327e-15 -5.099759231579732028e-16 -1.561262031166874256e-15 -4.284155989815907982e-16 1.817985597722612789e-15 -1.343163997848765649e-15 9.681102722058674307e-15 -7.970888865710916364e-16 -4.445611531033652917e-15 -1.908580522768398334e-15 1.186373661415161165e-16 -4.711335422512390036e-16 -1.895783382047350818e-15 -1.538270875127084789e-15 7.891050469275455535e-16 3.469502612252807276e-15 2.891280310857114443e-17 -2.314484636077426664e-16 8.957503400774842342e-16 -6.406950751601620718e-17 -6.737824467543261017e-16 -7.751528529601170885e-17 1.557697917961536019e-16 -2.858082566864318450e-16 2.461852084615517061e-15 -1.018218275442785971e-15 -1.367193081953058056e-16 -2.175054522997824959e-15 -7.185334136122497390e-16 1.598572287122397176e-15 1.367097320691434569e-16 -7.366220130676356709e-15 6.035996101292728629e-16 -1.087157845613646065e-16 1.708529560448139167e-16 -1.736054230369088203e-15 -3.685669142776637890e-16 -4.988053879950280719e-17 -6.662832046669984087e-17 -8.207409324828348852e-17 -1.737393241243115438e-15 4.353262904747845079e-16 -4.260044808487707514e-16 -4.236315970416629283e-17 6.271704761232577672e-16 -1.888315048826430948e-15 9.444404762751888536e-16 2.894542044493773285e-15 4.729380619906654319e-15 3.173954536698945084e-15 -1.704514286842467455e-15 1.557694238149919131e-15 1.296392327672141207e-16 3.570177778675153439e-15 1.187641815774413880e-16 2.144848965750439902e-16 -2.377215489385349091e-16 4.065098682849634363e-16 1.501425037899821607e-16 -2.863075112862868290e-16 -5.191325395184288931e-18 2.289336122421650975e-16 3.613073721768228443e-17 2.339281584586937571e-16 -3.121996735292962152e-17 1.151408723812731357e-17 1.419458305903444645e-17 6.791728429056117729e-18 7.713984671427412418e-17 -3.067415988612493604e-14 -4.779974446555127069e-17 2.461463517249647225e-15 -7.126552498354918294e-15 3.274734359655405312e-15 -1.387200372260394417e-15 -3.150761518210265182e-15 5.859357582950356609e-15 7.650729655677251326e-16 -1.151405087320986906e-16 -2.896258654492972765e-15 1.212914029982707415e-16 -3.778655948091227969e-16 -5.708613606277657194e-17 1.323313611163962236e-15 1.066293618618944917e-15 -6.872606503803739083e-15 4.843927196289267244e-15 6.292844258819615138e-16 -1.073680639120177366e-14 4.397735641285984818e-15 2.506827910229949535e-15 1.828654748213164748e-15 -9.993987983778562960e-16 1.125476075619446927e-15 3.699866727368568777e-15 -2.816646565280378079e-14 4.071261260442798950e-16
-1.175772144099080448e-16 1.540624383923992912e-15 3.046864497140254974e-17 1.696366837063662071e-15 -1.180560675720209619e-16 -1.097725991722262352e-15 -5.036799159046932445e-16 -7.970888865710916364e-16 1.744920343977274672e-15 8.352412306961396885e-16 -1.124316297314074331e-15 -7.753514937313206554e-16 -1.096229513408946199e-15 -5.165184449235220489e-17 -3.929654765252502637e-16 2.919019693923419835e-16 3.516892851889559335e-16 2.820568588079053640e-16 3.878081229225566866e-17 4.289323696685407316e-16 -3.458200412146553427e-16 -1.902993459321182187e-16 6.201401451920646092e-17 -2.013412410240032400e-16 -2.005646686831737651e-16 4.484516734041234572e-16 1.737033802850271796e-16 -6.638485184802813813e-17 1.243286551863288042e-15 -1.408564946307138973e-16 -6.239609225330575295e-16 4.990068609824298886e-17 1.044254883029944397e-15 7.504108066717629572e-16 -4.070521013503065671e-16 2.162596670253108127e-16 4.031772226572325342e-16 1.725907051475535728e-17 4.346125460068164544e-17 1.628317619143997600e-16 4.685163752421099222e-16 1.436432532866560480e-16 -2.574987716455763398e-16 -1.786574057768057998e-17 -1.056107287890368891e-17 1.323417620503409566e-15 -1.075878999466114937e-15 -6.032702751167832533e-16 -7.086827040852789172e-16 -7.600877423959664078e-16 -2.811103794242751385e-16 9.212376393160260287e-16 -2.882782734469065626e-16 -1.067906937171664360e-17 -3.477518780126303017e-16 2.127537263058043414e-17 5.689791247334248322e-17 8.438106866751459093e-17 -5.016769145466456312e-17 1.293717167120966703e-17 7.332555444172674220e-18 -3.153435947612128946e-17 6.590738743718073530e-17 6.052112360093159508e-17 -7.532948523780700022e-18 -2.934461144186670751e-17 -1.887210920190122045e-17 -2.112502015914154259e-17 9.559476298264165612e-19 3.770908568770406369e-18 8.376984069031015281e-15 1.081013920675730495e-17 -3.742830131781271709e-17 2.008088318857230616e-15 -7.066588741893571013e-16 -5.629898998361951251e-16 -2.455177728015360927e-18 -4.211544335691866321e-15 -6.405347093991851119e-16 -2.259051643595973820e-16 4.322503485785372457e-16 1.737124798939232188e-16 -1.144579468214418715e-15 2.682043210627667835e-16 -9.083740766456110447e-16 1.945682971119945583e-16 -7.978084756873831394e-16 -7.755158592458716381e-16 -5.048185371754996546e-16 2.414028474468659366e-15 2.984977303299136542e-15 -1.901155255834976904e-15 -1.892203545667102210e-15 3.738046850944124354e-15 -5.465037151427774413e-16 6.853629837901580620e-16 2.754831844650975495e-15 -3.969943557604349536e-17
-4.803009311675387571e-16 6.095216651937509714e-15 -8.203485148360419460e-16 1.421440042060092773e-15 -4.189584252277001106e-16 -2.831643241040767766e-16 7.574849834604597715e-16 -4.445611531033652917e-15 8.352412306961396885e-16 2.217165653608286708e-14 -9.218881208993836519e-15 -5.129184356037480339e-16 -8.766899183959952103e-17 1.246282922043318439e-15 -8.547949847335888748e-16 5.448043825337950945e-16 -9.148019159655017765e-15 4.821145734504703263e-16 2.423878495266182998e-16 1.826872461440922279e-15 4.819345376822540554e-17 1.078813155049608845e-16 -1.230432951124215753e-16 -7.158982119227938367e-17 8.737532610580365687e-16 -2.258007858119824357e-15 5.547339269055349580e-16 1.145682443924867058e-15 4.160978333619339907e-15 -9.330518950624826150e-16 -2.314203543309268903e-15 1.234987482401529488e-16 4.649061551716295850e-15 -1.347608476860874212e-16 1.662353920944732886e-15 7.953236947378382491e-16 4.079849277150682090e-15 -5.869048273402474329e-17 -4.314777695666735963e-16 3.645404884623573661e-16 -1.246538191858417915e-15 -7.767317776878761752e-16 3.633316450522530902e-16 -2.773024951462701296e-16 3.971177748395662893e-16 4.800622830460623554e-15 -1.467031968936958001e-15 -5.237025740267749449e-15 -7.900469811373874831e-16 -9.505645767240126858e-16 -1.130696605324119509e-15 5.113374866405453139e-16 -1.584337252661922305e-15 -9.870612345329859221e-17 4.359174252031423540e-15 -6.569158088900171886e-17 1.032691442672452424e-16 3.798690245557019279e-16 -2.777319579814313790e-16 -1.308359882215157065e-16 4.605529331163489803e-16 3.284386593599754667e-16 -1.530479973643793612e-16 6.518095118888054348e-17 1.564121436531214418e-16 8.348430783773524484e-17 -4.293695359203072186e-17 -7.726168017131068873e-17 -4.448937611662494288e-18 -5.224426251465149125e-17 7.499351349403740376e-14 1.157492834329504712e-18 2.667137269963717906e-16 3.996165821576491921e-19 4.135960593583220163e-15 -4.880896693871376599e-15 -9.163143319876351799e-15 -8.710273136110181761e-15 -5.950980892036895808e-16 -8.838695636716406544e-16 -6.272418096744064786e-15 1.281252056851273221e-15 2.469873181488927487e-15 8.391032615547082452e-16 -6.259823938775845749e-15 8.995866630304386511e-16 1.054050778117921549e-15 -4.310338766511046469e-15 -3.081132781455562684e-15 4.246773849074896778e-15 -7.783621158629623022e-15 -4.098182601221245221e-15 -1.647322658786739844e-15 9.683095768081071273e-15 -4.615427274916828458e-16 3.254417617284371352e-16 -3.877286747330763040e-15 -6.849009599539490328e-16
-4.711653344741604806e-16 -4.280100312149691932e-15 1.509177655731255747e-15 -2.845746776203572906e-15 1.503832171998255303e-15 1.535524446967003111e-15 1.530444724141873176e-15 -1.908580522768398334e-15 -1.124316297314074331e-15 -9.218881208993836519e-15 1.613862752031275708e-14 -4.278957822061347005e-16 -7.458866673419840864e-15 2.133575701142065325e-15 -1.888311806714703347e-15 -5.606083931224380219e-16 -3.956030864746288483e-15 -3.946340184990396618e-16 1.234447103055648330e-16 -3.541876012083910786e-15 -8.581422699380755408e-17 1.177772655674020429e-15 -8.167452933244956935e-16 -2.294741591126038595e-16 -5.497042956387751425e-16 -1.675012904870089248e-15 1.298359420903575249e-15 -1.085147706781234426e-15 -3.008105044661243000e-15 3.661643680809519006e-16 1.497136882566084925e-15 -2.879215565838402833e-16 5.892957452222161886e-15 2.046065776715500417e-15 1.857360350803015641e-15 1.261544501004456850e-16 -1.732681948459917335e-15 5.948425303974582303e-17 8.566776323712415623e-17 -4.606341765793506015e-16 4.064584257493789982e-15 -5.415238189518713539e-16 -1.041354360653717647e-15 5.037375379438066634e-16 5.996741788585792852e-16 -4.598187301735548789e-15 6.094855886408944775e-15 2.734509695248906512e-15 -4.889108378741812192e-16 -5.882581501544738704e-15 -4.291655092309597181e-16 4.266355312647331434e-16 9.223679914400959581e-16 -1.136254563329435612e-16 -6.390906713550335704e-15 -2.285593133211299369e-16 -4.873449996755204410e-16 -3.629322272486094118e-16 -3.890970381990114776e-17 2.593910789862519722e-16 1.584145858605739400e-16 -1.233625585431473879e-16 -1.339732470002081684e-16 -2.453010226876851647e-17 -3.872163775175059652e-17 4.918909180645498961e-17 2.894127657768372335e-17 1.023025983962106197e-16 2.867047488347540200e-17 3.048419133367275948e-16 -5.770560395795763008e-15 -1.045320754743646343e-16 -4.493623157720909907e-15 -4.329385621338788098e-16 1.357035132229320028e-16 2.995576974955654784e-15 8.355924308053692710e-15 6.642482258916843095e-16 3.882736279694412974e-16 2.640151874784696463e-16 6.392886520577507190e-15 -8.310122844200687585e-16 -6.944420513509587368e-19 -1.597843597908638518e-15 3.830251890608150940e-15 -6.831613998515403871e-15 2.415117137272418962e-15 -7.409909470933887300e-15 2.612350020621516227e-15 1.509063952607318402e-15 -3.681817335363146622e-15 4.956376411038730371e-15 8.248953314974929466e-15 -1.688416865155519060e-14 1.829481945081065264e-15 -5.256823524528240126e-15 1.470815538855644173e-14 2.263260636551979409e-16
-2.875434945187743337e-16 1.485274535518678950e-15 -5.268484508648070639e-16 -5.790004697260321135e-16 -2.267211513043121404e-16 -9.455423839273547578e-17 -2.633619297116227332e-18 1.186373661415161165e-16 -7.753514937313206554e-16 -5.129184356037480339e-16 -4.278957822061347005e-16 2.860114514585183627e-15 -7.524517700188157193e-16 -6.773961293683525940e-16 -8.189883989023976365e-17 2.921015486916924020e-16 9.949333301831525671e-16 -1.800252626595835967e-15 -2.368049261027505063e-16 -2.629905036473094082e-16 1.062428529732075752e-16 4.400292400161170317e-16 -5.804050476057864473e-16 -5.141225899298558932e-17 -8.886549133866102692e-17 7.773376704208304234e-16 -3.833219431714418487e-16 5.724867355273906469e-16 -9.317405090809184102e-16 3.433313668231431438e-16 6.108595304366737727e-16 3.872764168435312742e-17 4.861492644392344221e-17 8.307923217880953972e-17 -4.357112651955312578e-16 1.467954252287179176e-16 -1.326937066931445520e-16 1.513063203736218395e-16 -3.974249841742341570e-17 1.674001812058586821e-16 9.141294265365312714e-16 3.541614123944182769e-16 -1.227495260416167804e-16 -2.808096814789333804e-17 -9.120029091227124686e-17 -1.029594743398618640e-15 4.898935035975572834e-16 -7.335883927410026747e-16 4.686792132427476333e-17 5.726997591811163910e-16 7.353958597415725540e-16 -7.885713855705313827e-16 4.106574489399124618e-16 1.559425975605925863e-17 2.399937705560920494e-17 3.554846301943449086e-17 5.211255678572252481e-18 -9.937284790897354032e-17 4.671100094721271157e-17 2.340107351458362232e-18 -9.082054255391351829e-17 -3.032796864168505915e-17 -5.837032936663641260e-17 -1.343742518595384751e-16 6.616883679784778552e-18 -5.459233465926691034e-17 2.763554938626132009e-17 4.881450300527905701e-19 6.406715369058603161e-18 7.958247987208250700e-17 -1.743237194266062169e-15 -9.679073976736318919e-19 1.669852153372330649e-17 9.880398211131537205e-17 1.575028345168951700e-15 -2.419315252205582519e-16 -2.885550868000341303e-15 -6.821175777579390476e-16 4.780464921636236832e-16 1.788884957455859274e-16 -9.277684248640898901e-16 6.739277661465985486e-17 9.293525880525169278e-16 -2.898818251255201509e-16 5.607706782152630573e-16 5.494022594552110819e-16 -3.958857191747770481e-17 1.125483035575395287e-15 1.101689368191547691e-15 -3.487307609105470681e-15 -6.907033493422296830e-16 -3.598398893687493284e-16 8.486003743357174441e-16 -1.072127468663323505e-15 2.909949824741357274e-16 -1.081344961634851935e-15 -1.842219689813777789e-15 8.615755717054894438e-17
2.753789257403064635e-15 1.268261801825155108e-14 -7.190649889111764929e-15 9.826149128690596498e-15 -1.900202833053910790e-15 4.937740995925743519e-15 6.695611159029728635e-16 -4.711335422512390036e-16 -1.096229513408946199e-15 -8.766899183959952103e-17 -7.458866673419840864e-15 -7.524517700188157193e-16 1.853367564176622162e-13 -2.420551132416665810e-14 1.449925079741946611e-14 -5.720253612175489793e-15 2.272022150067067175e-15 4.243835249862704298e-15 -2.313594779387874820e-16 2.600792811106885141e-15 4.288030535088713804e-16 1.938488960562177099e-16 4.708103904014238832e-15 -7.106010354748362451e-17 -2.464867005958641031e-15 1.136014508997037582e-14 -6.848697508865018379e-15 -1.364294704319105822e-15 -3.446426578135741524e-15 3.700776045776864972e-16 8.409836449454981373e-16 4.043858899922265526e-17 -1.475994183070847701e-14 -9.903983908113265343e-15 -1.012683404277187005e-14 -8.358464183848165040e-15 -8.109285830697822056e-15 -1.987106065101986196e-17 -4.198591204822009840e-16 -7.561653573195027739e-16 -1.595184485412946438e-14 -1.948402280077123628e-15 1.934816019213706914e-15 1.216414425142557984e-15 -1.621865717142223226e-15 -2.839144661653544134e-15 1.711895637452870281e-14 -1.698010627660965924e-14 5.298394359928305660e-15 6.266335569663009652e-15 2.125438887720715673e-15 -2.674903539456322086e-14 3.479546590897741589e-15 -5.475632923427145742e-17 -1.445902693182194915e-14 -6.302593029207531015e-17 -4.153111031537517479e-16 5.384013567278689456e-16 -1.177274070705215770e-15 4.338168339578123966e-17 -7.290382778156354008e-16 -1.874453249015504278e-16 -5.222300731025678471e-16 1.530191654185143978e-15 7.053975291085822567e-17 2.238560693030558565e-16 -2.828652051319865489e-17 2.644678669741680748e-16 -1.064231981794506830e-16 8.642737665545334872e-18 -2.258746485673437366e-13 6.540683711933848764e-17 -1.070803682246115228e-14 -5.899485371394302172e-15 -1.140908180588089028e-14 9.217739084443729941e-15 -1.676379371607546227e-14 9.505802486714374125e-14 2.411820163455844479e-14 3.444793118973393716e-15 -1.741100838190593526e-14 -1.990131077751707825e-15 -2.808894848432013608e-15 1.931853698145675304e-15 1.387840182451865929e-15 2.229724341511184666e-14 4.318814249952668352e-14 3.236147430776250182e-14 3.309328712799092974e-15 -2.994592946810943208e-14 -3.220806408782410927e-14 -7.490936026962010986e-16 -3.038608373921213487e-14 1.316039773823345352e-14 -5.920345578890979953e-15 -1.054315082775012531e-14 4.891062034170364483e-14 2.227260195711126937e-16
-1.078185413727272681e-16 -4.695376287524169381e-16 -1.933921511536478783e-15 2.990072488777934587e-15 3.795687376411338753e-17 -5.358002987667063925e-17 8.167592290509444440e-16 -1.895783382047350818e-15 -5.165184449235220489e-17 1.246282922043318439e-15 2.133575701142065325e-15 -6.773961293683525940e-16 -2.420551132416665810e-14 2.743261948481379465e-14 1.355841553474926051e-15 -2.210061856469669486e-15 -2.042985379798832320e-15 -1.033588285285929056e-16 -9.648757355527371271e-17 -4.185097502132371552e-16 -8.090116788768868951e-16 1.479654476524960501e-15 -1.742731927193196284e-15 9.121777833630532423e-16 6.407997711937738615e-16 -2.271661659262316067e-15 -7.730946405237966975e-16 2.364210056243849255e-15 1.152806274730755828e-15 2.613326858134225413e-16 -1.096537721432627099e-15 -1.259239211819898283e-16 1.674447985684275256e-14 4.210674272838713073e-15 -2.407031515066589238e-16 -1.000476234051316222e-16 5.138220848728648833e-15 2.893687379378288829e-16 9.383808839099254400e-17 1.299854203081616390e-16 -1.620952636286371970e-15 -2.159097277094906136e-15 1.468187937180690678e-15 5.565525127065981672e-17 -4.273421792375361162e-16 -2.535619079571213610e-15 1.224882919899899234e-15 1.675234214741700945e-15 -1.668718422733569600e-16 -9.658163158141252174e-15 5.531984319614353734e-16 -1.424772512773926642e-15 1.905730967548610378e-16 -3.018070876488646095e-16 4.044469814020070732e-15 3.485716208748532187e-16 9.246956882219683900e-17 1.866839424555909160e-16 1.430931060087049340e-16 -1.023907491817404047e-16 1.837974176856808673e-16 -6.168694970430711745e-17 1.314750229882200509e-16 -1.342251523187499770e-17 2.267876853866438097e-16 1.448711984809666860e-16 -4.662464635586323692e-17 4.926979151279662105e-17 6.950353281186108762e-18 2.721835026081303749e-16 2.496901628518391452e-14 -5.987737561463757533e-17 -1.977653501287228377e-15 -3.533612022284247996e-15 7.557062671629940742e-16 -2.403318532707429831e-15 -2.246297022805348236e-14 -8.267698235423964758e-15 -3.059529585568249164e-15 -7.694740223678420571e-16 1.315958120622944261e-15 6.617397737902272933e-16 5.333918805569068404e-16 5.336321056098784941e-16 2.683926821113237739e-15 -1.691369391003393424e-15 7.091425078543969686e-15 4.493867447133514805e-15 -1.612505432362526177e-16 -2.570304491519129517e-15 -1.388403115154833822e-14 -2.195576652953980659e-15 -2.568336204143574472e-15 3.215731372840543012e-15 -1.898150710099056435e-16 3.436750872796941764e-15 -7.096977727708617044e-15 2.501999420306585008e-15
8.253948081663217269e-16 -1.220262089284424520e-15 -1.346033922939122171e-15 -1.668979599464723933e-16 -8.411603554217040173e-16 1.690777687601145829e-15 9.286225415898069887e-16 -1.538270875127084789e-15 -3.929654765252502637e-16 -8.547949847335888748e-16 -1.888311806714703347e-15 -8.189883989023976365e-17 1.449925079741946611e-14 1.355841553474926051e-15 1.743444037225490061e-14 -5.644557777541691659e-15 1.586381054136475147e-15 7.749953726260357309e-16 -4.100446378137596197e-16 4.714698445411247149e-16 -1.325562858396105526e-16 -5.073800803344200862e-16 7.490984355910138950e-17 8.456176714657068635e-16 2.784797351922451456e-16 -4.236603842210904717e-16 -5.713899234995007849e-16 4.529857305694274809e-16 -6.306535248867036575e-16 1.113728139807965612e-15 -8.520029235775106387e-16 1.212702673040872792e-16 5.215601724556425359e-15 7.986485640704486443e-16 -5.528324801186168917e-15 -5.000715904294158502e-15 5.716632920411359636e-15 6.147282651509549918e-16 4.505253742355521612e-16 1.524364409386228625e-16 -3.554867619728256107e-15 -2.992090842076999686e-15 1.228250793112270492e-15 1.123591353458693817e-16 -1.206658356134515367e-15 -1.165612972217957653e-15 2.476062159740690625e-15 -1.865243731829012694e-15 2.015961364545581286e-15 -8.026030346999644774e-15 4.447600045235570554e-16 -4.651183571562287082e-15 -1.789060065665114577e-15 -4.414579399123810761e-17 -1.767365350744523186e-15 -4.375505107575166878e-16 4.556576412606258316e-17 -8.601620532629417794e-17 -5.093846915074136452e-16 -6.255264865477384615e-16 -2.652903742730346490e-16 -4.337614903645001329e-16 -1.184734619472678415e-16 -1.577763252216574583e-16 -3.069510116396103187e-16 1.097499002906936800e-16 4.252197028561328561e-19 2.742493694643944913e-17 -1.977673005879371822e-17 2.031526878644292818e-17 -6.020389943183159466e-14 4.719159087368340783e-17 4.455440642153865149e-15 3.607576124963405579e-15 -7.801729728614319982e-15 5.244657632354101302e-15 -1.174943691276484944e-14 1.945979080875580668e-14 -3.808225698569896614e-17 8.734586825014837864e-16 5.626117152258561349e-15 -5.497458307403893179e-16 -2.422256125825870657e-15 1.029957990033164939e-15 -2.404857088520927932e-15 7.786874904721965344e-15 1.958531383745620090e-14 2.911028971516062155e-15 -7.656661001837912665e-16 3.845403762261840763e-15 -1.218087936704558432e-14 -7.900470848078660056e-15 -5.315029020150054051e-15 4.638158187168317463e-15 -3.580082806396557414e-15 -4.690164633793701934e-15 5.620163875355550940e-14 3.051313176168135068e-15
