1.438166199061872758e-15 3.667088687867480533e-16 4.733994958793043536e-16 -2.674837998592382889e-15 2.373134791647145015e-16 -8.646716516230224491e-16 2.644779132451171791e-16 5.070937766336837342e-16 -4.794070997941372446e-16 -1.073492027844026427e-15 4.433955267512602481e-16 -1.009821783792415678e-16 7.305258693293334481e-16 -4.332372397890735766e-17 -2.067328035264347948e-16 -1.226013333660551820e-15 4.134335679086587359e-17 3.056302472585247990e-16 2.650691014149701425e-16 1.028878826083960267e-16 2.065958406650902233e-17 -7.966868079624867820e-16 9.828675888722651324e-16 3.034255419855331155e-17 -8.238177635805567223e-17 -1.346513890136139596e-15 -9.697702435929661278e-16 -8.572318561663234424e-16 1.045617303749144195e-15 2.954436362420592380e-16 -7.904433082366480534e-16 1.218938874664378485e-17 -6.091638437952867498e-16 -5.208763889401262805e-16 -6.231243622315965454e-16 9.977159766794683545e-17 -2.097692239934318223e-15 -1.015460476154532498e-15 -2.986584693651669327e-16 -1.117498528532361790e-16 3.613847651694962881e-15 -3.969300789511066856e-16 2.133629306632562975e-17 -8.806081603270145588e-16 -2.259652366799979934e-16 1.244931398076228814e-15 -6.504381343098248199e-16 -1.185513808667854449e-16 -1.012263449034123391e-16 -5.182650391910574020e-16 4.182063040799382835e-16 -7.278063282583191278e-16 1.713759172174726287e-16 -6.383657965366262837e-18 2.503809950178743124e-16 -1.299177338456624905e-17 1.488312962646605193e-16 1.188577309381230455e-17 1.464452134979938648e-16 -2.551040472325757141e-16 -1.456238469975058932e-16 2.920930629418617205e-16 -1.811470356111529632e-16 -1.093726879701449121e-17 3.645989628599507477e-17 5.037978706642900539e-17 -3.426258311084988583e-17 1.686025346938488751e-17 -1.078318431221856289e-17 5.243670973468307942e-17 -1.710563490527501126e-14 7.111902340206301305e-17 -2.078826629421737853e-15 8.003156237175616997e-16 2.264426556171203668e-16 8.230716699383637843e-17 -1.100573776067018057e-16 9.005123535149654838e-16 -4.936649759442277612e-16 5.906901066183355457e-16 3.709722416080262395e-15 -7.263733626974128298e-16 1.151295017102743159e-15 -5.345943821642740863e-16 1.308694953063928723e-15 -2.171002090797796388e-17 1.995491396650329115e-15 -5.391837488030953014e-16 -2.298039509056782242e-16 -5.477587935118149578e-16 -7.673470781712183433e-15 2.124166949055536793e-15 -1.995561837131739311e-15 1.373837793276476833e-15 -2.059467306260040185e-16 1.882052472058515801e-15 -3.062831142640793040e-15 7.633612284839290682e-16
3.667088687867480533e-16 7.346861716581264701e-14 -4.062724719981088849e-16 3.477248332005923256e-16 2.170942286535811024e-16 -6.200078943966413690e-15 -5.915191285090310716e-15 -7.405900719408978871e-15 -3.514119386090085380e-16 -5.728316073158974051e-16 1.967023633924659424e-15 -3.914733906742742538e-15 3.228700724821278960e-14 -4.986625569124371046e-15 -3.947819432309748075e-15 -1.483449688629023183e-15 3.010668586414685490e-15 7.892051553443482808e-16 -1.137478652334430266e-15 -6.465965706422445204e-15 1.143899318887439522e-15 4.087420499528382340e-16 3.910369027243476883e-15 2.345718114852471303e-15 1.721478206919434708e-15 -3.534632414102485306e-15 1.516517278560556568e-15 2.505663315588533198e-15 2.251160857830863571e-15 -2.615259275631488236e-15 -3.219282026807712878e-16 1.640966288929931034e-16 -6.000333001788563497e-15 -2.864667384907930211e-16 4.121727413655094507e-16 -1.634498645926427087e-15 1.479860537172404064e-14 -5.844002733901295340e-17 2.682331135578624086e-15 1.920440565057381495e-16 1.196737465755173487e-14 -2.107337354232621873e-15 3.016097834604570689e-15 -2.755584577582603070e-16 7.123752808020743135e-17 1.048385555444042382e-14 5.560436421912920582e-15 -2.489281525423426272e-14 4.073084007116993811e-15 -2.886272961635073694e-15 3.118613289949377814e-15 3.230394106472408554e-15 -2.372399078303872359e-15 -3.957059826431623867e-16 7.134585102245036536e-15 1.518047500254840324e-16 2.323423233126651978e-16 -3.054756428050754694e-17 1.183003804179050205e-15 6.941699780932222186e-16 -5.651617744339989793e-17 8.399227341655250367e-16 1.080563751257328780e-16 -7.075144270125656319e-16 1.300358900781788662e-16 2.176856846767139356e-16 3.703791350578436064e-17 1.253427148845646138e-16 -1.042684512828722644e-16 -3.995575463998421334e-16 1.965338002112662656e-15 1.754012975402956939e-16 1.015211697114632882e-14 2.170960205885780397e-14 -3.929837029799827844e-15 -1.029103438680734848e-14 -6.203679534011533093e-14 -1.022049415880178492e-13 5.046960509053935859e-15 3.069072027041117267e-15 -7.583530118528854449e-15 -4.896660464365990213e-15 3.358352751838840814e-15 1.031860391142152554e-15 4.580319171014214403e-15 -5.603219864086493142e-15 2.549196823608184175e-15 -2.012139550772004995e-14 -5.629809631820730545e-16 -1.156035161936924723e-14 -1.086271876698478129e-14 -2.524231281465498936e-14 9.766347453356423581e-16 6.313165227065705707e-15 8.932034940094904315e-16 -1.019580125954810606e-14 -6.253189557474865937e-15 -1.219664620148047635e-14
4.733994958793043536e-16 -4.062724719981088849e-16 8.012893462846986481e-15 5.728654104780435123e-16 -7.737739072610740347e-17 1.275161279083517339e-15 -1.746778630790133542e-15 -6.095640319897092283e-17 -1.024729807640387879e-15 -1.084656752055950148e-15 2.174174510247197958e-16 -1.093137231777406325e-15 4.750989176286670462e-15 -2.957798793161281075e-15 -2.671207978609255817e-15 -1.524767641071448390e-15 -6.594780315160226858e-17 1.377219357368098158e-15 -2.054981014083546149e-16 -2.085181897547925861e-16 7.762696170333758174e-16 -5.332131908990237117e-16 2.717395437431025821e-16 1.057801464663596858e-15 1.364825370173991534e-15 -2.972212771920147127e-15 7.693605077353064100e-16 -4.280770022417688908e-16 4.731069881226996424e-15 -9.838537240254561497e-16 -9.913260721598443561e-16 -3.548639922510812352e-16 -6.207452221853764669e-15 6.100543315229880892e-15 -1.610371844387379730e-15 3.568148394559059592e-16 -3.599144620691984351e-15 -2.741757801020109767e-16 6.079801722100453383e-16 3.204188303871922488e-17 5.620911538416612372e-15 3.886548883769421775e-16 -3.909431471027926323e-16 -1.956091401716543033e-16 2.760027003449892907e-16 5.310901125618331830e-16 -2.886883131361203466e-15 -1.447456084616049142e-15 -6.399425373793096439e-16 1.676306607799675475e-15 -3.364626824292505548e-15 1.491160819872187974e-15 5.238571142971747533e-16 -1.772679173313480953e-16 6.013958951252062475e-15 -2.487146092656929292e-16 -3.478664048837142377e-16 -2.330881818492461458e-16 2.171808228397801025e-16 -3.326845420349178185e-16 -4.513853840431879131e-16 1.282968169084705354e-15 -5.077315547653312207e-16 -1.041125280629100825e-16 -1.553410637611163139e-16 1.764302627802409299e-16 3.623846787090529834e-17 4.026171061449725392e-17 -3.324025725753289124e-17 -2.170002335555902670e-16 -1.177061681768478252e-14 -3.548135004998539120e-17 -1.221382663007436801e-15 1.255935479648959340e-15 2.850192568729881685e-15 -6.590413550542658489e-16 -7.940748097811398357e-15 -1.090965220055626575e-14 -4.670452531953066889e-15 1.519334809238889348e-15 6.409717507380065145e-15 -8.466497723406402397e-16 -8.591045981026109022e-16 -1.228197050332245985e-15 1.062419313381747542e-16 1.726904155355059547e-15 1.106584894688435277e-14 -1.162764138574644493e-14 1.671560403136257159e-15 9.244954814125133926e-16 -1.604904747381335796e-14 -6.646642680596339969e-15 2.129790428165616934e-15 -2.690712469970087423e-15 9.184022464122116772e-17 1.434071117390990867e-14 -1.391482204202053665e-14 -4.957562267630438175e-15
-2.674837998592382889e-15 3.477248332005923256e-16 5.728654104780435123e-16 8.342547437727894888e-14 -5.076707278917216728e-15 1.930908497162578324e-14 -9.172626550035674603e-15 -2.369572233688382230e-15 -2.843589327401056182e-15 2.500427446290662774e-15 -2.618019603989453366e-15 1.135432071135485810e-15 7.995590369018429207e-15 -9.045798814144039967e-15 -3.157257298645568468e-15 2.296085997070890959e-15 2.449693751894524691e-15 -2.205955682059868117e-15 -6.337217522466931651e-16 1.711290191702867702e-15 -7.305028162651673533e-16 -3.632913637352625633e-15 -2.432490611525307229e-15 2.137878918447607072e-15 1.271822836436180747e-15 -9.075387859093749619e-16 3.395026843826354877e-15 6.234309373423880605e-15 -5.898749576279278308e-15 -1.386447015095743675e-15 6.522934613282505871e-15 1.556564703174137967e-18 3.303422616197972323e-15 1.142131734798572539e-14 -5.136835223053004646e-15 2.926040866774359152e-15 -3.155669208153230772e-16 3.830631757570199712e-15 1.296500752440067404e-16 6.560977501313830705e-16 -2.200276231966035335e-14 1.874742018954841540e-15 1.264549274994832903e-15 3.503650250428642167e-15 7.337658371225318808e-16 -1.551524686655484444e-14 2.032485464638251154e-14 -1.890269224309465468e-15 -5.549834577900263350e-15 -7.145272485618929015e-15 -6.547950653889775417e-15 6.466180460873591275e-15 2.693683905107263200e-16 -1.132775931510196088e-15 3.042432837575936046e-15 6.908327699634555455e-16 -5.140732529432363848e-16 -3.725090360348570108e-16 2.535864081202795556e-16 1.851992876082767424e-15 -6.432574146685804986e-16 8.256377569924425065e-16 -1.475923491690572854e-17 -6.034739522217768453e-16 -5.407331554353411110e-16 -3.943253910597719924e-16 3.171633224983883609e-16 1.772210795213039012e-17 -5.318835110681611500e-17 -2.241661020137512298e-15 -3.687290659736358157e-14 2.735508529860651673e-17 1.286817096615919958e-14 -2.066784117970117789e-15 1.057260518311063210e-14 -3.247614663673212752e-15 -1.601318752024815970e-14 2.623170243763246691e-15 8.212080928505013672e-15 1.634601394111110469e-15 -7.192661723039564940e-14 3.737969521767951242e-15 -1.395959379766285305e-14 4.354425353598786691e-15 -1.225336287455902464e-14 9.026634011049587893e-15 8.604227993477193317e-15 -2.775567004469571981e-14 -1.724329376203471032e-16 3.872281375399266595e-15 3.819815686689204858e-14 -2.690613928817571966e-14 1.559292577656775762e-14 -3.013673812689331137e-14 1.278800876513054182e-15 1.614085478953375510e-14 3.692344958912256516e-15 1.678228786193699154e-14
2.373134791647145015e-16 2.170942286535811024e-16 -7.737739072610740347e-17 -5.076707278917216728e-15 2.058218461286627823e-15 -2.306783804926282812e-16 2.108243745175403798e-16 -3.377150532574449107e-16 3.212177603920173570e-16 -7.413507084488064990e-17 7.772005920748204190e-16 -3.587042052462126819e-16 6.948965163186278885e-16 6.865711889721930917e-17 -1.923117423849557006e-16 -3.642166511249551349e-17 -2.502599737855884271e-16 2.973383745973381413e-16 -6.925433057752558696e-17 -3.667244442148096740e-16 2.886361087072902846e-16 -1.722987114606805096e-16 1.999057923967100748e-16 -1.118668597911641670e-16 -4.683947488514606642e-16 -2.491857524951080644e-16 -3.028249902364430575e-16 -6.562228918476489980e-17 -9.584539836713124034e-16 5.697377306313273432e-18 3.810636334097872646e-17 3.018714764927648738e-17 2.936064574016810499e-15 -1.175040399203706224e-17 2.563271525030916799e-16 9.789290930291736557e-18 -6.912375616104360815e-16 -7.216348900749918646e-17 2.262249713127310555e-16 1.122698297564736383e-16 -7.820288852526455362e-16 -4.631202029421515899e-16 -1.497036512730199771e-16 -1.423164079573908162e-16 -2.316944762452364700e-16 4.282996117029407579e-16 -3.119004018536372536e-17 7.610061240702924392e-16 -2.405397467373934762e-16 4.720189879650784797e-16 -2.550766944205139206e-16 5.487091735872262899e-16 8.211022603669595937e-18 -4.081567032266059003e-17 4.050217028812172212e-15 3.754377936163439704e-17 1.088930380290768442e-16 7.517765694567365278e-17 7.135558038953548140e-17 -8.645569948315751543e-17 -7.891030396749281342e-18 -2.358890390414501329e-16 8.513154268640880142e-17 5.808248550232554250e-17 -2.543407084128012239e-17 3.195922520395041315e-17 -1.295752380927255186e-17 -3.903208206690365653e-20 -4.895047347956642666e-19 1.415431782622956797e-17 -7.482714127049752468e-17 9.872845020009091651e-18 -1.015147896008541236e-15 -1.851148118662440737e-16 3.857070608972732181e-16 2.681532076126420336e-16 1.325726418861090156e-15 -4.343913866242721092e-15 5.065683198997472888e-16 -1.694084533760571111e-16 2.093736556721709640e-15 -1.297509000898410648e-15 1.361812495107043967e-15 -7.602422899921142365e-16 3.571763676245804947e-16 -6.192764987364471638e-17 -5.160509788150644539e-16 1.286448128506932008e-15 -1.719005178201344658e-15 4.473585008467227776e-16 7.234885103895133054e-16 -1.516609827612047473e-15 3.702618442983413260e-15 4.353744262169002387e-16 9.215913051263255618e-17 -5.162420847554000831e-17 -1.087073390925821075e-15 4.217763651510050227e-16
-8.646716516230224491e-16 -6.200078943966413690e-15 1.275161279083517339e-15 1.930908497162578324e-14 -2.306783804926282812e-16 3.657823053631889760e-14 -9.580543600809410943e-15 -5.883881945884330594e-17 -1.006160840038883359e-15 -2.681706470138176669e-15 9.512425138142854509e-16 8.127919202683838800e-16 5.552699492805135515e-15 -6.695255552779577300e-15 -2.343165060903609276e-15 1.069214150838761007e-15 2.065917305473690408e-15 -5.502920595220558391e-16 -5.442878330516520196e-16 3.714850807900680853e-15 2.274123155077171488e-16 -6.148843358671970147e-15 2.211685299209265462e-15 7.313102138515108245e-16 4.204131389262154914e-16 6.148321838603004003e-15 -1.331234511009609544e-15 2.697583936205077356e-15 -6.643084616296972347e-15 -1.961522025171598104e-16 4.040482313716824762e-15 -4.347129736214299578e-17 4.048322199152336494e-15 4.139737448991109380e-15 -2.104381225550291486e-15 2.564846731123507586e-15 -1.335421650347650304e-14 1.204791763405475134e-15 -1.459345142246642948e-15 4.224793578098611431e-16 -2.082920141280323445e-14 -3.398502577529205438e-15 -1.910712697251107430e-15 1.328853464627010644e-15 8.202003226789945481e-16 -2.262644130603329170e-15 4.476588671137362966e-15 1.670354564348208984e-15 -2.502886147483171856e-15 -2.327100041240758081e-16 -4.801848554440501964e-15 8.275024472775151226e-15 2.441775186918529136e-15 -6.953151606009320605e-16 1.116274564685719491e-14 5.529601582965284235e-16 -1.444563336476825011e-16 -1.343347543855076643e-16 2.758312551030447173e-16 5.833488356821071353e-16 -1.585537155004567646e-16 2.949030360037706420e-16 -8.930853991433063733e-17 -3.190934642139040809e-17 -2.467081065430716528e-16 -1.388896322080888919e-16 2.323695023265850602e-16 1.079546650785929618e-16 2.189619891869038815e-17 -1.278116210096161200e-15 -5.786833979486608017e-14 -6.294183157389138198e-17 1.002489730640934157e-14 -1.052278429383686896e-14 3.028372130634238599e-15 -4.592477429787904786e-16 -3.871793029716420277e-15 1.945932669560990190e-14 5.231023600498159836e-15 1.802010255613564398e-15 -2.481613482923902249e-14 7.370408580526799783e-16 -6.281788699479093155e-15 2.176377767745260488e-15 -4.966238435767165948e-15 2.276624628696867515e-15 -4.264378054495893071e-15 -1.284098582021656401e-14 -7.648455839144393180e-15 1.286812428230092243e-14 1.677224505467860982e-14 -1.206185847839896045e-14 1.424454438271758177e-14 -1.444828812560429494e-14 4.682212268057335946e-16 1.050498139202701626e-14 -2.511255334240259657e-14 1.668751796182056930e-14
2.644779132451171791e-16 -5.915191285090310716e-15 -1.746778630790133542e-15 -9.172626550035674603e-15 2.108243745175403798e-16 -9.580543600809410943e-15 1.155245253911067188e-14 1.288196881159436281e-15 8.122611726111459607e-16 2.415182796449190949e-15 -1.450920814030852398e-15 1.301173525920046064e-15 -4.964068331888498026e-15 1.967805774628175040e-15 1.312182077983370157e-15 -2.252967818486829792e-16 -2.345714401715602474e-15 -2.428630399117406750e-16 4.300835107313951378e-16 4.328230113452657031e-16 -3.895840348435654067e-16 8.440691017124104340e-16 -4.051541564192327301e-16 -1.266336262759602751e-15 -1.473043133465708924e-15 -1.249324197891565891e-15 -4.176390666662926861e-16 -1.717931736882136306e-15 -1.335613434811020428e-16 9.476712610016171296e-16 -9.044482256935271224e-16 1.604854529186832426e-16 -1.985940253840418976e-16 -4.866481425471307990e-15 6.854581134376944483e-16 4.177524584539685414e-16 -3.657808232077268465e-15 -7.411754376345511519e-16 -9.649631089822483791e-16 -5.230630416802539285e-17 4.414585943468715033e-15 2.411794156728347041e-15 -1.748072424146055882e-15 -5.917409345254946991e-16 -1.565572203935927627e-16 3.005707018676358778e-16 -4.336340967519611079e-15 1.364868764947358972e-15 1.280888290101497512e-15 -1.719103292953235169e-15 9.034774761164646838e-16 -2.509354420384779167e-15 2.830277468285204608e-16 4.536902222319238062e-16 -7.216351940245673623e-15 1.050472503447221731e-16 3.669012763015447366e-16 3.325083479160723142e-16 -4.066884820869769684e-16 -4.390577802434353110e-16 3.781171197838011267e-16 -2.696254860620257165e-16 9.477822564815690866e-17 4.362321778216874615e-16 1.734622729261157880e-16 -1.086019349309386063e-16 -9.601485687272825991e-17 -7.075678439223994092e-17 5.121113775314779058e-17 6.086704789279782622e-16 4.757894487672176851e-15 -1.404050195191983448e-17 -6.335768689387553876e-15 -4.138654966434128027e-15 -1.907310067444706187e-15 2.386552392022889490e-15 -3.948466700762694238e-15 1.659501425514482132e-14 -1.262129236447162964e-15 -1.362444741654964745e-15 8.392956810589206908e-15 1.092516674803350642e-15 6.819190201399876513e-15 -1.643730858704335240e-15 1.195866048112722431e-15 -1.228491549694465185e-15 5.820284700378328742e-16 1.130644143059278767e-14 -1.388178851056043144e-17 1.153213225398282923e-15 -1.488829347110646553e-14 1.297814939183662496e-14 -4.780352696026513903e-16 1.502444619777106731e-15 -4.245467694908118865e-16 -6.373704595200505735e-15 -3.085968565543722964e-15 1.570435696739942892e-16
5.070937766336837342e-16 -7.405900719408978871e-15 -6.095640319897092283e-17 -2.369572233688382230e-15 -3.377150532574449107e-16 -5.883881945884330594e-17 1.288196881159436281e-15 8.830793368642825803e-15 -5.532140138577329958e-16 -2.453464678621056721e-15 -1.163616436011451631e-15 1.407042609913795455e-15 -6.740141162277266793e-15 9.545457470425376641e-16 1.275737837563990319e-15 9.592787905811758191e-16 -7.489196847465652275e-16 -7.761963640557256419e-16 1.765026894717285884e-16 6.755107571358395872e-16 -1.393794732740652324e-15 7.858617520776000837e-16 -1.923852348781786424e-15 -3.562985160342040054e-16 -6.287001707450543342e-17 1.557737421212289704e-15 -1.178139780553520219e-16 -2.297019020019259427e-15 1.171360959478006983e-15 4.065723790208409295e-16 -3.406952119175988030e-16 9.425659551173143047e-17 -2.810334495521889896e-15 3.260623567341896367e-15 2.447213036048570508e-15 1.390763082239508248e-15 -3.988821122373010152e-15 -6.641742271704799127e-16 -1.042288440133991680e-15 1.927327944851815760e-16 6.990502025751700750e-15 -7.856322185911858354e-16 -4.432687181170500561e-17 -6.701434879172595373e-16 1.261961070674796898e-16 -1.780408321602376387e-18 -4.387755813004215923e-15 1.214133451201280334e-16 5.913627952237408454e-17 3.243934536734749908e-15 -1.018565667033082210e-17 -1.152852993195139932e-15 -9.268428059056381318e-16 2.855434734226539505e-16 -6.707804975397891726e-15 -1.255480647424135368e-16 -3.187390898459171435e-17 -1.399960027862625966e-16 -2.849684697299474746e-16 -3.801741535916658683e-16 -6.155339921116991063e-17 1.138909984248684688e-16 -1.831738892147976257e-16 -1.301023246704763355e-17 1.979343074458673857e-16 -6.630726089578468491e-18 4.276332726229091871e-17 1.246290285207674450e-17 -2.156157032781189193e-17 1.044100358439929869e-16 8.545336699842911698e-15 8.092803451338760324e-18 -4.376667727787938367e-15 -1.290102505480111931e-15 2.769438375435368971e-15 3.468430247699150393e-16 5.355714331603576351e-15 6.788881793375970927e-15 -1.216660224028930066e-15 -4.820780708248965531e-16 4.412278129141942901e-15 8.428918147762850075e-16 3.301393160576673111e-15 -5.423312464545212137e-16 1.428966177907641776e-16 -2.525459073978472449e-15 -9.818618983197449255e-15 1.200782130718418950e-14 9.759270117070145450e-16 2.532853754357973959e-16 -1.249044182207330312e-14 1.755070059799434805e-14 -6.961820910217659961e-15 4.043111261381897454e-15 -2.534021104042346629e-16 6.418335984187018899e-15 -1.817912715009698153e-14 2.715151687519189480e-15
-4.794070997941372446e-16 -3.514119386090085380e-16 -1.024729807640387879e-15 -2.843589327401056182e-15 3.212177603920173570e-16 -1.006160840038883359e-15 8.122611726111459607e-16 -5.532140138577329958e-16 2.949358694181049676e-15 1.294213134132677420e-15 -6.180535179323552488e-16 -7.297104892792738881e-16 -3.535458462477863325e-15 -1.775684243248984399e-16 -6.564804231039099938e-16 1.102170445109030797e-16 -2.692350547388847385e-16 1.091036445796944387e-16 -7.054889925324916381e-17 -3.531038950445066916e-16 5.877149471841144905e-16 3.112372914196598213e-16 -4.630900971811285967e-16 -6.693461217716354848e-16 -9.570286095601320926e-16 1.382088983065444578e-15 -2.890751211259199661e-16 -1.010987691399890186e-15 2.746572252461180122e-16 -4.204310446899083622e-16 4.670875349763625848e-16 2.072429304127188552e-17 1.438178951206690178e-15 -5.330099802864048273e-15 6.024383030308616717e-16 -1.316504641689093930e-16 4.275994948268114343e-16 1.443794133154611825e-17 1.743353808770390943e-16 2.198523868564906751e-17 -1.780336474839178376e-15 -4.048490952378168880e-16 -7.272029782201838776e-16 -1.285083843982970955e-16 -1.277945131745725151e-16 4.192378217647639187e-16 -1.162412656219775637e-16 8.886028557024808696e-17 9.902210075199463102e-16 1.146075987838766268e-15 6.227829239915791867e-16 1.421431229658386823e-15 4.966688750811735386e-16 1.726273804835316116e-16 1.189101987146124218e-16 1.578931161145373416e-16 6.186473826772411030e-17 1.350448378310955105e-16 -9.345664634457157293e-17 -1.376483373237223322e-16 1.928431726007812844e-16 -6.052709069350893165e-16 2.746011532575001390e-16 1.839329805689073489e-16 -5.428302985587482985e-17 -9.134336886800160428e-17 -3.406356640215101499e-17 -2.342864049071978923e-17 4.178573565626779695e-17 3.875289015914495274e-16 -1.256671720768897057e-15 -1.738850818407737607e-18 -3.942236847346628889e-16 -1.570083945612245938e-15 -1.830468826829770124e-15 1.798720383044471105e-15 1.952442499142725304e-15 -7.212050104466167074e-16 -5.569848832677524063e-16 -6.338998537682497376e-16 1.812223312340758848e-15 2.774507444008694767e-16 -5.624416362682355311e-16 -6.265032863367971071e-16 -5.333884678585301377e-16 5.365865804336003378e-17 -3.971180554572823015e-15 5.464565786576306138e-15 7.305780030999124933e-17 6.027935714104785924e-16 1.550437407904216034e-14 2.676635362118988555e-15 2.511720907706769468e-15 8.967043970469879020e-16 2.219786465834127835e-16 -4.859859977314352288e-15 2.278137439773029773e-15 -2.482547915378310139e-15
-1.073492027844026427e-15 -5.728316073158974051e-16 -1.084656752055950148e-15 2.500427446290662774e-15 -7.413507084488064990e-17 -2.681706470138176669e-15 2.415182796449190949e-15 -2.453464678621056721e-15 1.294213134132677420e-15 2.355472575467870645e-14 -1.198746176415818111e-14 -3.363261522650846543e-16 -6.443002348095398827e-16 -2.128572039427857154e-15 -4.736554290658966121e-16 1.650814085832829598e-15 -7.704409193858005748e-15 1.255201869656614984e-15 1.204469820065996655e-16 1.933630467789465548e-15 -9.490173867260997075e-16 3.447498439076084033e-16 -1.347435081778357300e-15 -2.994741582847395052e-16 -8.933265344141201998e-16 3.821278320225792155e-16 1.828503503445295367e-15 6.253196642490125373e-16 -2.523160976364511625e-15 -1.497943682494044783e-17 1.637517287190552253e-17 2.168830929617864745e-16 3.318674119835929153e-15 -5.825140450317304848e-15 2.508902053450131121e-15 -1.829242490180791157e-16 4.490254559645160022e-15 1.312962896323940141e-15 -1.890529230943863067e-16 1.061505564500287309e-16 -8.081852673332414785e-15 1.788543914014383138e-15 -2.360102017478564049e-16 5.583595122666156532e-16 -4.492342956497825786e-16 3.380655135737079860e-16 -3.156445075013801263e-16 -3.519224950080874727e-15 3.393129069886083502e-15 1.284357217384995653e-15 -4.392424616766393128e-16 4.603127014849128046e-16 8.368020185877898511e-17 -2.309206317043843232e-17 1.319724635689079496e-15 1.207273228462274574e-16 3.445572798647455760e-16 3.365926759024166182e-16 -5.906106629560951925e-17 3.884438230508210021e-16 4.913242392964263875e-16 -1.058490659012395202e-16 2.014002807055876167e-16 7.204704819594555101e-16 2.148847823169025536e-16 1.331537478850837031e-16 -3.943514886929639431e-17 -7.756109246904292637e-17 -9.032724601236502207e-18 7.285880235878110872e-18 2.834453397261194210e-14 -2.107891363460965232e-16 1.379030568463075258e-15 -5.231051970922547695e-16 1.639247492739900905e-15 -1.097402183979580656e-15 7.954552667435658892e-16 -6.349226259739983471e-15 -2.816232028586691435e-15 -2.214335465889739682e-15 -3.057326902676373214e-15 2.381713414633516107e-15 -2.764727460310175301e-15 3.791393787413153289e-16 -4.123045007685460730e-15 8.409923890896048646e-16 -4.151487182191955390e-15 1.532211786926727776e-14 -9.667559712952241046e-16 1.130578602185914259e-14 5.471332725897951696e-15 -4.084497050058551373e-15 3.326301757107380489e-15 -2.892099618361460433e-15 7.565768362481585395e-16 5.360659099279683993e-15 -1.101861164633416050e-15 -1.051624254378614009e-15
4.433955267512602481e-16 1.967023633924659424e-15 2.174174510247197958e-16 -2.618019603989453366e-15 7.772005920748204190e-16 9.512425138142854509e-16 -1.450920814030852398e-15 -1.163616436011451631e-15 -6.180535179323552488e-16 -1.198746176415818111e-14 1.509289455734859251e-14 -3.207195898108646049e-18 -3.687783577593834106e-15 2.002647665152278098e-15 -1.056545850477767433e-15 -2.136448973303166921e-15 -1.143985937891733553e-15 -8.737672420455929460e-16 -4.808801633025291103e-16 -2.916847657422384058e-15 1.251378592238797002e-15 -3.988982282175231851e-16 2.398316120911629945e-15 -7.438856190056224329e-16 -1.922612150036350911e-16 -1.780022951223804436e-15 -7.795300209585292705e-16 -8.379950417821153898e-16 7.306968877217788653e-16 -9.186435837516688547e-16 5.268910666656188363e-16 -1.832709300452110219e-16 -1.527513371862013308e-15 -6.722692734197778048e-16 5.002433047642234441e-17 -1.111145405821326830e-15 -4.509445292235877733e-16 -6.200158973909202724e-16 2.376771343580104722e-16 4.108729700288724485e-17 -3.207922437216673334e-15 -7.790700819023040943e-16 -3.768449072169280418e-16 -3.582950967400819769e-16 9.144999350715511206e-17 4.569874040039643108e-18 2.796222647699539825e-15 3.192731100362582475e-15 -1.190631481315079557e-15 -3.330790730075143439e-15 7.982010328351348794e-16 6.338628400897105349e-16 -1.606504522469357139e-16 -1.743239119342497662e-16 1.505050960397584413e-15 2.077322899716726281e-16 -2.245617431356211998e-16 -1.832196951468862424e-17 6.737496060790669561e-17 -1.493653695193216046e-16 -2.256136106108060603e-17 -5.189865445143880826e-16 8.168938125112336517e-17 -3.817749416197570400e-16 -1.781227067430285788e-16 -9.599692873875172379e-17 -3.828803083286901376e-17 3.408174676550761347e-17 4.533345217835122502e-17 1.099471397109273339e-16 3.260207979722043033e-15 3.475105380636872059e-17 1.120770513974540947e-15 -2.326048026614399490e-17 -2.105650558174435159e-15 4.055732440298864283e-16 -1.691948678349976970e-15 8.896052253197022364e-15 1.987913524572531016e-15 1.440604982390022998e-15 -2.631614970551975119e-15 -1.669063615042535270e-15 5.804859293657612309e-15 -3.511283470247720961e-16 8.295148663785040164e-16 -1.374689023467042927e-15 2.371154313560275103e-15 -9.625773734865307066e-15 1.834678276264895548e-16 -1.940329527456277979e-15 7.592937471793854257e-15 -4.841512275292198458e-15 2.109729840154633005e-15 -1.305820980068842912e-15 -5.040431937548389900e-16 -1.127310744392584474e-14 -2.666654733851848834e-15 2.078367228853034102e-15
-1.009821783792415678e-16 -3.914733906742742538e-15 -1.093137231777406325e-15 1.135432071135485810e-15 -3.587042052462126819e-16 8.127919202683838800e-16 1.301173525920046064e-15 1.407042609913795455e-15 -7.297104892792738881e-16 -3.363261522650846543e-16 -3.207195898108646049e-18 3.475598728328851564e-15 -3.802911234050299996e-16 2.642000099013335988e-16 2.065663933940941914e-16 1.711836728788500970e-15 1.706051781350625922e-16 -2.235551879230750439e-15 1.410377222790113765e-16 2.254035497541008798e-15 -4.493707840404027734e-16 -9.766868669883943895e-16 -2.187420251376139360e-16 -7.513355857295911263e-16 -2.649571792727138646e-16 2.854925519442791300e-15 -1.131204091421066039e-15 -4.027389147754957190e-16 -2.137615927856381479e-15 6.350155939793626067e-16 8.205561896241855421e-16 4.734273090532038288e-17 -1.858932973523841144e-15 3.837338469121289445e-16 -3.390947542699793773e-16 4.963986142453992183e-16 -1.432242424109005998e-15 -7.976696861598992754e-17 -5.800146484061339370e-16 6.649334901333458693e-17 3.140208403209058644e-15 2.405439365833249823e-16 -8.077446284518210711e-16 -1.494775670342091745e-16 -4.031773706551379931e-18 -4.660095493360830614e-16 3.300017614114217143e-16 3.199928813222279299e-16 1.334774901469873381e-15 1.719661768041330848e-15 3.386506292654763521e-16 -1.176566339095846654e-15 4.702417647429711732e-16 -6.791664630527580307e-18 -2.017014327723408585e-15 4.486481175193326728e-17 -7.104585883683028660e-17 -8.041119820002661596e-17 -2.819210507316461175e-16 -1.047096697522456378e-16 2.390284326510339194e-17 -2.429257983621185743e-16 1.639966556850721838e-17 -7.585050016820194391e-17 5.977656080416454566e-17 -1.010189280591330809e-16 3.715986468009369539e-17 -1.082797001343443574e-17 2.859736364351079632e-17 2.361304061563894918e-17 -1.238644154139262811e-14 -3.053436280751785382e-17 -3.251251138160247113e-16 -5.983923737472872783e-15 2.430724487792614704e-15 2.259638187639881706e-15 -1.903031085046108016e-15 1.250695487810729800e-14 1.929529865855383616e-15 -2.375823494575704438e-16 -1.727118320619901943e-15 8.531925410640611474e-16 -1.543087330365728421e-15 7.087684016906991855e-16 -8.207585990217195938e-16 5.429885464906636529e-16 -6.446006155826444505e-15 2.117335262869370582e-15 5.450123806167840338e-17 1.746282270247857961e-15 6.234036372988693895e-15 8.237517956036490029e-15 -1.381478964256127740e-15 -1.591625081840784724e-15 2.419789608072371286e-17 1.437493956138210414e-15 7.642953835643218226e-16 3.659709286102856528e-15
7.305258693293334481e-16 3.228700724821278960e-14 4.750989176286670462e-15 7.995590369018429207e-15 6.948965163186278885e-16 5.552699492805135515e-15 -4.964068331888498026e-15 -6.740141162277266793e-15 -3.535458462477863325e-15 -6.443002348095398827e-16 -3.687783577593834106e-15 -3.802911234050299996e-16 1.506238791340629683e-13 -2.817507192130500644e-14 -7.578045747577095104e-15 7.589130366704069180e-15 4.219597879177020625e-15 5.380099844951618003e-16 3.900533722370543999e-16 5.242443743960454247e-15 4.715211897396411922e-16 -7.911045441597133180e-15 1.111121397430028376e-15 2.339603779674438390e-15 5.687708060996390325e-15 4.156609530490486491e-15 -3.758075614062278401e-15 3.656871130551632674e-15 -5.677540234023784938e-15 1.958165564868966689e-15 3.643460081572264697e-15 -1.355245294447287261e-16 -2.752257514386569544e-14 1.071910493543130346e-14 -1.018197104264743522e-14 -1.009077753177823833e-15 5.968401883610721448e-15 6.906858560378832349e-16 1.589650927730901891e-15 -3.776082564481910521e-16 1.485859764641479849e-14 -6.003147844143346093e-15 1.944191564104928300e-15 7.063094700728244142e-16 -5.790915319679271530e-16 9.949224116651468894e-15 -4.601429993071090241e-15 -6.804996084457427635e-15 3.658943160744588921e-15 2.072032637127742322e-14 -4.761890008252976564e-15 -1.576000072451184062e-15 5.307722456075063334e-15 -7.500579696315565728e-16 1.183949615981408195e-14 -9.264092908043822659e-16 -7.657566476420544775e-16 -7.508711570336796671e-16 9.971444579799290255e-16 1.750587741462578022e-16 -6.293157102271590272e-16 2.312468208763969161e-15 -2.553388602507787160e-16 -1.073087255022131049e-15 -3.970617714199062558e-16 3.898130172611361884e-16 2.239721884550127803e-16 -5.387118355302495739e-18 -8.964888596565526241e-17 -1.529002211585520679e-15 -7.666900205587224709e-14 -1.511384452024863313e-16 -1.259024438961076779e-15 -1.105874377191350837e-15 9.185029545286887573e-15 -2.323086524243781254e-15 -4.111409241278578442e-14 -3.909214255930614295e-14 5.821943541563468128e-15 2.958796031313796761e-15 -6.578393834186888021e-15 -3.024232015788932563e-15 -1.151046269766603983e-14 3.587242666699492552e-15 -3.960462953512735221e-15 2.097957975797303695e-14 5.169128341706754158e-15 -2.368739483506570663e-14 -1.149463669578147791e-14 6.228012751658035248e-16 3.123568744280385916e-15 -2.080352305403515163e-14 -2.937981790821872111e-15 1.438704231750997392e-15 1.405356632620294028e-15 4.202359357810627975e-14 -3.856726108577903808e-14 6.726042775747458553e-15
-4.332372397890735766e-17 -4.986625569124371046e-15 -2.957798793161281075e-15 -9.045798814144039967e-15 6.865711889721930917e-17 -6.695255552779577300e-15 1.967805774628175040e-15 9.545457470425376641e-16 -1.775684243248984399e-16 -2.128572039427857154e-15 2.002647665152278098e-15 2.642000099013335988e-16 -2.817507192130500644e-14 2.653729096416914721e-14 6.698950130376209833e-15 -1.751141595537682664e-15 5.372548795880254901e-16 -9.354180519597014038e-17 3.129916188525485040e-16 -1.817073881943227349e-15 -1.690894714119037502e-15 5.257633290095423377e-15 1.426927887694102856e-15 -1.652625236649459702e-15 -4.813432586829276467e-16 -3.118362425764874414e-15 4.590113021602619643e-16 2.836146026812362641e-15 -1.402907909612000079e-15 2.169659025889129480e-15 -2.992921711634268362e-15 1.875138013073529438e-16 7.356157100252005298e-15 3.391079381568065350e-15 -1.870178271204623997e-15 -3.432124168170820378e-15 1.517647858719650460e-14 -2.733000324260637826e-16 -5.508909018902588372e-16 -5.381504438294706335e-16 1.464305329443944941e-14 -9.570772481307967136e-16 1.795355107626111784e-15 2.634765900522768423e-16 6.349616060998009567e-16 -4.932066430033747020e-16 -1.336489911083497856e-15 5.921092927492698307e-15 -2.384276773643067292e-15 -3.130083469483532705e-15 2.192523778245066590e-15 -1.120485233560303388e-14 -2.132975558978434803e-15 2.081157420417973365e-16 -1.032702416306427612e-14 -3.922913892649669759e-16 2.901761188879806199e-16 -1.775674744969940655e-16 -4.295530745268247488e-16 6.654054053046673637e-17 1.128363482412304870e-16 -9.178508244748903646e-16 2.916771698970680538e-16 -1.100499483658381551e-16 1.869957357697616067e-16 -9.316292845494932908e-17 -6.940138052953046473e-17 -3.065057242585645303e-17 -3.033789253944236192e-17 4.532846856439047420e-16 2.298448371843910068e-14 1.363526190912503894e-16 1.442112864183897120e-15 3.518735356857299350e-15 -6.168420502525651848e-15 3.655982359121073925e-16 -3.419582062690720008e-15 1.517861644698019585e-14 4.374337634346335291e-15 -9.727265306510350376e-16 7.701678879832403691e-15 -1.656996692061009072e-15 5.037483215199880961e-15 1.400122469786981039e-15 5.814332419046578286e-15 -3.876702986011173266e-15 7.312621530941791661e-15 1.316454690415620782e-14 5.312581321874842125e-15 -1.150324049992805770e-14 -2.211758835539295453e-14 8.382122087188802098e-15 -1.234613817452830794e-14 8.117826836406354590e-15 -1.124821442089114244e-15 -1.572176720630116412e-14 4.868025688614293411e-14 -7.057327536308810456e-15
-2.067328035264347948e-16 -3.947819432309748075e-15 -2.671207978609255817e-15 -3.157257298645568468e-15 -1.923117423849557006e-16 -2.343165060903609276e-15 1.312182077983370157e-15 1.275737837563990319e-15 -6.564804231039099938e-16 -4.736554290658966121e-16 -1.056545850477767433e-15 2.065663933940941914e-16 -7.578045747577095104e-15 6.698950130376209833e-15 1.693243133334559013e-14 -3.338416007390053547e-15 -3.349543152777360947e-16 -4.068041649083776152e-16 6.752440958102047750e-16 -7.759509208879134840e-16 -3.444466492723395133e-15 5.311049221205789210e-15 -5.309186043077260522e-16 -1.344952307092774492e-15 -5.390949129595870626e-16 -2.742696495915986645e-15 2.205921075260636056e-15 3.295949481640342712e-15 -1.923568541407382368e-15 2.374913104465345974e-15 -2.139107603166478407e-15 3.818825765807169031e-16 7.628479197237253513e-15 1.148679698477659633e-14 -1.617760437229442406e-15 -1.686653995812436580e-15 1.155747942296178410e-14 6.545453454793612945e-16 -1.229571139512291303e-16 -3.795319596663052485e-16 1.622622546465239734e-14 -1.254521368325151141e-15 3.050702357016072904e-15 3.873400429185173748e-16 -2.441690218541458311e-16 -2.536945999810754504e-15 -9.484268330650654932e-16 4.799362980794178032e-15 -3.210265814630657655e-15 -7.950222354163930905e-15 2.927421988226150196e-15 -4.742934902377058636e-15 -4.664132370908498651e-15 2.240663037189081669e-16 -1.123637368081758898e-14 -4.573022711202172360e-16 -3.954590274293440689e-17 -2.328872842698698084e-16 -3.175264002432571540e-16 4.121628108231217879e-16 4.773118102443527508e-16 -9.050384899285239617e-16 3.614299602972536805e-17 4.825393158769750761e-17 1.544562486199040268e-16 1.538823931936505816e-16 -5.398626506246872795e-17 -3.934685456518661766e-17 -6.807645718540483300e-17 -1.844399079033202615e-16 3.760064546996701709e-14 1.451648722955744484e-17 -4.623871340212599285e-15 9.741317147897153220e-15 1.754069347960091332e-15 -4.714773263367995187e-15 6.098586954940682511e-15 3.768553170515314208e-15 4.168729284668785240e-15 -2.092489251207370099e-15 1.589655685803090248e-15 6.817384832039865591e-16 4.445279711426602466e-15 7.127935248822080275e-16 1.073176716188759758e-15 -6.339345417674029413e-15 -9.066831708051599491e-16 1.551695258758970902e-14 4.093031273810178291e-16 -2.696119153938835622e-15 -3.045716851407921604e-14 7.574095014740568756e-15 -1.447275088591719889e-14 7.570643244757824138e-15 -1.249861898695380073e-15 7.131110103597742950e-16 1.115255939582442673e-14 3.924780379815925400e-15
-1.226013333660551820e-15 -1.483449688629023183e-15 -1.524767641071448390e-15 2.296085997070890959e-15 -3.642166511249551349e-17 1.069214150838761007e-15 -2.252967818486829792e-16 9.592787905811758191e-16 1.102170445109030797e-16 1.650814085832829598e-15 -2.136448973303166921e-15 1.711836728788500970e-15 7.589130366704069180e-15 -1.751141595537682664e-15 -3.338416007390053547e-15 1.406296102678481817e-14 1.136105490011067382e-15 -2.242986880420271522e-15 -8.192571107735889053e-17 3.250380977846439701e-15 -8.787666585469254000e-16 -2.382520482231852591e-15 -5.653847717186606443e-16 -1.632393960324364530e-16 2.438876956001941525e-17 6.783740622542106585e-15 -6.775908064024587933e-16 1.038094749359758769e-16 -4.733921155972037569e-15 -1.506999091607999869e-16 2.224620445203959362e-15 1.339773089375039553e-16 -8.073521031518895764e-15 2.761857134899276267e-15 1.346756687816856259e-15 -3.781892158994036698e-16 1.960906104753161931e-15 1.147445550796346753e-15 2.117485333677152760e-16 7.568253827490261874e-17 4.072695329507706763e-15 2.092812211216669224e-16 -1.384081872879777419e-15 7.128716654961403414e-16 -3.045415424905755111e-16 -1.067719919464957766e-16 -6.729206565147172425e-15 -1.632739961340266384e-15 2.688545499178979105e-15 1.114660921236475260e-14 1.310827729198136012e-16 -1.913451902106546565e-15 3.066666226643878183e-17 8.983158493792497456e-17 7.876507127385731914e-16 2.648970904500313910e-17 -2.237406709727061132e-16 -2.784216696474133218e-17 -2.559251642369722011e-16 3.245152687200170827e-16 1.668710669762991011e-16 -3.311777229572121502e-16 3.343224580910598792e-16 -3.880518090626127546e-17 6.097154291331464822e-18 -2.424744003391466011e-17 1.079299934111864468e-16 -3.971283528318124805e-17 5.861663377105300414e-18 -1.755088293094900371e-16 1.051528625276859295e-14 -1.058108342254693301e-16 4.356103169181718670e-15 -7.316533600552893609e-15 -7.816541632199607640e-17 2.960422131999337301e-15 3.156931944727134442e-15 3.054562909391729815e-15 2.660244038092212945e-15 2.128277096427732308e-16 -7.948215604562256752e-15 -5.402698009588536634e-16 -6.629146052240017055e-16 1.290038168966129634e-15 -3.609080926089239117e-15 3.299727937266866807e-15 -1.478438592529031300e-14 6.686480197480927810e-15 -8.499280423884406173e-16 4.420629603924708710e-15 1.985039216361174986e-14 6.796041999920889401e-15 3.319306395618545195e-15 -2.465338773439923988e-15 5.834839526198800811e-16 -2.018009438272707333e-15 -6.258196599007369646e-15 2.685477763775093482e-15
