1.046401951326975121e-15 -4.720187706861255290e-16 -3.295484965377763228e-17 1.645919924687510336e-17 6.039196870379880476e-17 3.251963288135816064e-16 -2.273613262002062797e-16 -1.211355769582837952e-17 -2.922566490027183476e-16 -1.692171565215849262e-16 4.019424098095817368e-16 7.459561379628570628e-18 -9.885174827652479686e-16 2.770391216325970181e-16 -5.283757925158861670e-16 2.095325452708673395e-17 -2.493538134823829341e-16 -2.425339645389004172e-17 1.798527007276899973e-17 -1.307122327216542361e-16 -6.862479829610734978e-17 -5.324050635805639644e-17 3.952685898570256954e-19 3.215564740467287345e-16 2.667507027235095490e-17 -6.305130141737351697e-16 -4.637375249704073324e-16 -1.947286922172393656e-16 -2.148785636427414573e-16 1.406046065207881324e-16 -2.650512995213091266e-17 -1.326809874557602311e-17 1.214695354354591227e-16 1.073528200155983282e-15 -4.859275732545967641e-16 -1.228442346628707686e-16 7.289945229696819781e-16 -6.918051704339879577e-16 -4.759731722076758002e-16 -7.876105617880840108e-17 2.463460108892141473e-16 -3.083582364541673267e-16 -4.953023475060869526e-17 -5.746671680295947134e-16 -1.203097101445381964e-17 3.016618137570990814e-16 3.315676573990948389e-16 7.657015917148933894e-16 -5.417588923929262860e-16 -4.504838372750690206e-17 2.476091447588918631e-16 -1.796615792574493713e-17 1.961466617214153656e-16 -2.163810258595633495e-17 1.217691414055052526e-15 -4.562055761635822891e-17 -8.499423388018631031e-17 -4.190251713140838145e-17 3.723122843546445287e-17 -7.581739948202233549e-17 -5.623742681650401399e-17 -1.878667918468900549e-18 1.309788244029819194e-17 -1.164306552183331619e-16 -2.765323134634698189e-17 2.359778117432903808e-17 -3.073627400632399502e-17 5.050815663545764131e-18 -1.964530229290064940e-17 -4.251176014295459070e-17 -7.438214245680756838e-15 2.289667248832519871e-17 -4.663504626982687221e-18 -7.591911817328101892e-16 1.842142995613782147e-15 -5.351183894503523883e-16 6.220864045886806997e-16 3.886905480672988293e-16 4.196139522065071174e-16 1.797463911421081125e-17 -2.367375612115804746e-16 7.309348458383083015e-17 -8.865416775867031093e-17 -5.094178028014314471e-16 -3.460179519900472145e-17 -2.223312736587162436e-16 -1.185717407707584942e-15 -1.496433260894192321e-15 1.687056675922708416e-16 -1.548086045494971365e-15 3.370706868687730250e-16 2.080101367329808553e-15 1.725547566144105333e-15 -4.770686950672752589e-16 3.505925862448837155e-16 -6.301871189999670619e-17 -1.009222599922918807e-15 1.176983011032600286e-15
-4.720187706861255290e-16 6.901927665974576575e-14 2.969125521842364339e-15 4.903959111879823468e-15 -1.623926650163493744e-15 -4.774530577200852304e-15 3.217204062336171688e-15 -4.658767240703229534e-15 -1.035223830879928179e-15 5.952020931446172017e-15 6.674940260290807758e-16 -6.862965102589895843e-17 -1.252334401221817644e-14 -1.405642422404277505e-15 5.309230644946670216e-15 -3.918542242621892380e-15 -2.421095749667708368e-17 1.216132859811847188e-15 9.439763606056056300e-16 1.620066147878084444e-14 1.145119429303837412e-15 2.057750256474382523e-15 5.536932428462088233e-15 -3.580133644607022819e-15 -1.048138454193522638e-15 -3.542169937950003081e-15 3.620240577961216923e-16 5.685584243453971079e-16 -5.348310502029943854e-16 3.251242847482924941e-15 -3.396510727583272464e-15 1.932948182764131501e-16 -1.276797340412727693e-14 -3.686872277760095839e-14 3.924293514291448953e-15 -2.348706197286169541e-15 -6.683575508590694914e-15 1.727383118883816751e-15 1.992303172839352846e-15 -8.785581107257786240e-16 -9.534302343459584118e-15 -3.963654471228869779e-15 4.894336098603146128e-16 7.327149140750308395e-16 -1.043095197444542493e-15 6.263853505646935728e-15 -6.487123051655099432e-15 -2.697442404486136428e-14 4.141036504779984892e-15 2.273405302132531684e-15 -3.632398098680682955e-15 4.128533714195537967e-15 4.746692930051384911e-15 -1.063360856186564446e-16 -3.598255872316304837e-15 -6.094766304417459459e-16 1.338286333449710747e-16 -4.622513237190039054e-16 -9.717089940316219137e-16 -1.061922166913570971e-15 -8.187200852878848319e-17 -2.636920826359388985e-16 6.259983516811925213e-17 -1.487322406082289589e-16 -8.647039428115244348e-16 1.656249403719812859e-16 8.181926894775759264e-18 -5.864194070718965312e-17 5.069851356534378378e-17 -3.082968230950882488e-16 -4.420862816941197145e-14 -1.280619847132924649e-16 -2.931792801080388542e-15 1.256230417932679623e-14 -1.164485080815901532e-14 -2.292620182715290529e-15 -7.032436261788678427e-14 -7.030182660596936111e-14 -6.519318801312294391e-15 2.291243055834801379e-15 2.999719699704718925e-15 -2.256089910205210687e-15 4.340165654748272584e-15 7.459825040740869247e-16 1.647083338347801796e-14 9.548336467330169790e-17 2.355525576238905111e-14 2.220439230814161634e-14 -4.293523083376381312e-15 1.193720522119804211e-14 -2.147909413799816700e-14 -3.682927748934994236e-14 2.549784540853184387e-15 2.477192582370065237e-14 -6.028439030742811914e-15 3.160746900250788211e-14 -6.627066910192450574e-14 1.215565592617604324e-15
-3.295484965377763228e-17 2.969125521842364339e-15 6.123619013731486498e-15 3.168631093446161523e-15 -1.269690249593224548e-15 6.131357858811339746e-16 1.610920564379307909e-17 -3.963508793162344092e-16 -3.404221238442788178e-16 -2.323230578459169250e-16 1.587062327056799575e-15 2.827404469970849554e-16 -1.879283782536696379e-15 7.119609407182514406e-18 5.524589377515815496e-16 3.547498402461630718e-17 -3.753686050916905143e-16 5.634937454182295261e-16 9.969058614511946771e-17 6.409189019701226920e-16 2.392935066689917838e-16 -2.592418487026885705e-16 7.278014391070391858e-16 -5.015726675409896033e-16 -2.224639747271432130e-16 -2.972328052409240249e-15 1.689569559209966296e-16 6.458598891704382375e-16 6.623639585372503089e-17 4.896169098610372414e-16 -2.470996896568790018e-17 -1.178709611319792643e-16 -4.541306599925193356e-15 -3.554698022764712451e-15 2.623268379015431798e-15 9.465251618112866659e-16 -4.389387255219623431e-15 -1.774816515871177852e-17 2.663737973855222647e-16 -2.948770519995707113e-16 7.982847027840546599e-15 -1.013957332614052893e-16 -1.212357612008638144e-15 -1.178587128177563934e-16 7.478692949350971255e-17 -4.197609802362881402e-15 5.132826560528557172e-16 -3.000278318388164116e-15 -2.243953252434771373e-15 1.713292372765730997e-15 -2.718888749118778982e-15 1.142828531704704891e-15 1.861874979719189489e-15 1.085583753578927127e-16 3.002240028763498045e-16 -5.565744973905975584e-17 -1.296942363837777388e-16 -2.389347771236579771e-16 1.125115510978071312e-16 -1.620842050093336495e-16 -1.642282248209106352e-16 1.057974662378716837e-16 -3.227372262703071540e-16 -1.510902040222581527e-16 -1.491679311263679872e-16 -5.804813608440547854e-17 3.758308327364023313e-17 5.114749597483099723e-17 1.861956059505858410e-17 -2.544655505589499423e-16 -2.005323349314461771e-14 -2.451490437642781861e-18 1.939701124684976423e-15 3.340023261969732425e-15 -7.414395555356719107e-16 -2.665691663609043207e-15 -8.376142864432112387e-15 -6.753713806152095017e-15 2.911079985333050335e-15 -4.024237415479794435e-16 -4.069552176630723436e-15 1.686629202362505786e-15 -7.367403335300854546e-16 -2.042261707096026171e-15 3.607650153724490143e-15 -1.065610982098562879e-15 9.641679605943871864e-16 3.324681474126073018e-15 1.495178747487748004e-15 -4.518660732396775393e-15 -7.765640747604587344e-16 -2.322121484718242632e-15 -3.701994298618677778e-15 3.932617050413172734e-16 4.122750329365200501e-16 1.774582459966980339e-15 9.276370532139802171e-15 3.857471620848259418e-15
1.645919924687510336e-17 4.903959111879823468e-15 3.168631093446161523e-15 6.918217110713852736e-14 -7.669101641483946383e-15 -1.244871248627322687e-15 -4.631593154921558643e-16 -9.372106596022212052e-16 -9.155423574968341558e-17 5.016640947840208524e-15 2.113400022289190711e-15 1.632785760719937365e-15 -3.935020938855147882e-15 -2.154218337012074572e-15 -1.104369216052999570e-16 2.133825267982841909e-15 -5.904777040819759222e-15 8.859403066714099879e-16 9.105891670819167595e-16 9.133670532822645168e-15 -4.967243060442459728e-16 -1.008887338172536065e-15 1.397851376224414257e-15 -9.356858603110965483e-16 -1.859735731609992633e-15 4.836984526696156588e-15 -7.020790527494679275e-16 -2.406684480280498894e-16 -1.929082835398763728e-15 -3.828498407272275756e-16 -1.337145948581761641e-16 4.228792611296561287e-17 7.273057423917952200e-15 -2.035940546807134164e-14 3.277312555069248511e-15 1.965704318951678783e-15 -1.539905970126952476e-14 4.398437158672468932e-16 3.299808242026735711e-16 -4.688163666104830631e-16 1.518088675731337271e-14 -1.305304482471780977e-15 -6.173078711211051129e-16 2.562422194373662026e-16 -1.483835090180638265e-16 -2.899217993951625324e-15 4.745748358816900093e-15 -1.249986527471295736e-14 2.313922508340158835e-15 2.164138609766589027e-15 -3.134470585232882116e-15 4.058923887605101303e-15 2.274904744086868635e-16 -2.178796323497582304e-16 -1.232210326254188161e-14 -4.355681769912491349e-16 8.230602130057259253e-17 -5.300694039871506803e-16 1.060810932147360740e-16 -3.077362693208552285e-16 -8.305172847605311449e-16 -3.439431070283617154e-16 2.022171372574573516e-16 -3.889880658778855242e-16 -5.857125884624859693e-16 1.000703893992256556e-16 4.764907070404624398e-17 1.594556878930436540e-16 -9.123642253048057918e-18 6.927472306801585067e-16 4.563852485289728636e-15 2.269408075685252328e-17 -1.404857623715619024e-15 7.867979057937612974e-15 -8.754023850593982582e-15 -5.947099498013572542e-15 -3.003277217348890174e-14 5.911495273828875221e-15 -1.837235190248180699e-15 7.624208682677543532e-16 -4.223983968495240776e-14 3.729531929996644312e-15 -1.548339685339795493e-14 3.586681073375223761e-16 1.255647323191816549e-14 -6.059544805512841406e-15 8.337828869661493717e-15 1.361698615351408456e-14 -1.574461367263175574e-15 8.016072622909158520e-15 5.617151890296811902e-15 -1.420835120528943268e-14 -1.274868965600303127e-14 1.960598193955528635e-14 -1.814117931976417595e-15 7.135159318598529326e-15 -3.499825905064767238e-14 1.355941534754597570e-16
6.039196870379880476e-17 -1.623926650163493744e-15 -1.269690249593224548e-15 -7.669101641483946383e-15 3.133341425166141492e-15 -5.107847931529204635e-16 1.689254259995421608e-16 4.186543498893059798e-17 3.293175358377856591e-16 -7.901711699149022860e-16 -7.821446018087370492e-16 -8.402358561288285774e-16 2.136714279292794465e-15 1.468433160727784240e-15 -7.592084141785484447e-16 -2.425558138491792468e-16 7.661265508265948013e-16 7.944974991235780970e-17 -1.381988893023354436e-16 -1.564594621097446139e-15 1.083970791608070987e-16 -2.435362866147691222e-16 -1.970739569090827778e-16 2.096381427231909492e-18 6.291542182254810666e-16 1.831749795414341176e-15 -1.460130722037440701e-16 3.265071448827286288e-17 7.717087692964870363e-16 -2.145911393128672632e-16 -3.373146859585432560e-16 4.790302716236680811e-17 -2.950826142343151745e-15 3.787709860275981604e-15 -7.127351529737310956e-16 -9.408629446208071161e-16 5.211310563230269215e-15 1.820126813792263704e-17 2.644516772695394945e-16 1.086906965883277201e-16 -1.312186653597420831e-15 3.797316714731023915e-16 6.609970769019573751e-16 -9.401822262952901006e-17 -1.905930919470825026e-16 2.265331450539163362e-15 -1.872888784431474425e-15 2.625253095327206927e-15 -9.976313694985386270e-16 -2.060282861092013496e-16 1.424113096980180122e-15 -7.944506216350838394e-16 -5.383974617707972879e-16 -8.638800323195050669e-17 1.030395170996359546e-15 1.270887906974489422e-16 1.198642253806699256e-16 1.377374807817447940e-16 -2.593969018295174852e-16 1.679177425095681800e-16 1.974053065630206177e-16 1.185108533177452901e-16 1.405385256362705666e-17 1.774109485888463019e-16 1.101993186406333056e-16 3.783892170786593097e-17 -3.248551872883586485e-17 -6.686654712022985708e-17 -1.182786840564159307e-17 -1.406223111820434129e-16 1.479617806540243276e-14 -8.065249213910569111e-18 1.319428728027202504e-15 -1.933633140310109162e-15 1.804100607164716522e-15 1.216095256058892772e-15 8.746185250933671609e-15 -1.095346080529851893e-15 -6.740782640350885301e-16 -5.394973242899514058e-16 7.224777264346750918e-15 -1.799294816388655140e-15 1.788382444804477606e-16 3.434521516434621228e-16 -5.755680529072498745e-15 1.628541715674323547e-15 -2.317230428797040278e-15 -3.100456697749385456e-15 -1.512109992661508851e-15 1.873317347232740160e-15 2.338450229778318571e-15 4.387290245697344657e-15 7.222637206958145906e-15 -4.259473876873247902e-15 1.361176891552677775e-16 -1.782982390178473466e-15 -8.675235652252297407e-16 -2.423293819347901624e-15
3.251963288135816064e-16 -4.774530577200852304e-15 6.131357858811339746e-16 -1.244871248627322687e-15 -5.107847931529204635e-16 2.143280689908526475e-14 -5.147600701811180599e-15 4.570134729007780919e-16 -7.406461687284618437e-17 -2.378335811780238057e-15 9.130047639314837378e-16 1.106340983313706442e-15 -5.932711911589300089e-16 1.503436227117197870e-15 1.022519906213885272e-15 -2.393029099674062712e-15 7.517623788281627818e-16 -1.078960057717695508e-15 3.312371447744679762e-16 -4.803907038634494530e-15 -7.580956933799415222e-16 2.440207359078392686e-15 -1.232303033225957307e-15 1.239200728336596819e-15 -1.341863382792589159e-15 2.040884361026191284e-16 -1.109352140325359153e-15 5.906491179714020806e-16 -2.554824431344371193e-15 -7.180161685443958712e-18 2.793805656503751532e-17 -2.340864203424203869e-16 -1.749640930615201064e-15 9.413402142986159485e-15 7.944998611215688276e-16 2.243931974316426978e-15 -4.998577022692263750e-15 -1.283285080739532734e-15 -1.466792051094630041e-15 -6.150345132981048099e-16 9.142157042725835471e-15 -2.220356502207879967e-15 -2.387984167833647282e-16 -4.950617385197957787e-16 7.635514098448049239e-16 -3.088075935290195226e-16 2.005983494407933138e-15 2.823827981366315316e-15 -2.741165698333356521e-15 -1.998220667864935963e-15 1.105616710628445851e-15 8.461746451463500212e-16 1.062252805564388506e-15 3.042837817838299111e-16 4.082602362825250196e-15 2.327216564371341860e-16 8.325994890871626797e-17 1.738819605140174956e-16 2.662353939667703529e-16 2.160607800497866999e-16 3.588346140182458216e-18 1.447136137314698830e-16 -8.669058282390802879e-17 -8.268524775977496413e-18 2.228994084834191901e-16 -3.414077527592162130e-16 1.934498194879574992e-17 1.254531205662595459e-16 3.259430538347528683e-17 2.818072238809914329e-16 -1.588451832668215823e-14 7.099136960251281807e-17 -1.112696110466224118e-15 -1.084150672466478808e-14 6.077390388382750601e-15 -4.608528290796210601e-16 4.404229274079128262e-15 9.332461998729760222e-15 3.407548383877278386e-15 -6.113867081691165156e-16 -2.292550047358565266e-15 1.920950040742886267e-15 -3.333835008061454656e-15 -2.275131868354594330e-15 1.157401100454607949e-15 -4.221662525856101428e-15 -7.405784808891939282e-15 -1.773494625990525018e-15 1.493833031464164401e-15 -1.104814036604183640e-14 -3.705902703363488365e-15 1.034135896490255582e-14 2.711824585778972848e-15 -7.736331980629165152e-15 2.960732220312991496e-15 3.791420699904518108e-15 -7.367514934361774827e-15 5.536995598833016612e-15
-2.273613262002062797e-16 3.217204062336171688e-15 1.610920564379307909e-17 -4.631593154921558643e-16 1.689254259995421608e-16 -5.147600701811180599e-15 9.256226791616267842e-15 -5.152986457538973661e-16 -5.217439061522843523e-16 1.097629850203204531e-15 1.156165939470340202e-15 -3.855537526865561508e-17 -8.086951568869510363e-16 2.985127620525744720e-15 5.793967035655825723e-16 -1.301389150774376469e-16 -1.132082939068366424e-15 2.440000267183009320e-16 3.483068269576230361e-16 1.473712657903035893e-15 -3.064534200142641390e-16 8.638341547865154230e-16 6.330043567648155923e-16 -7.571611633397557938e-16 -2.113620537452213242e-16 -2.235390068428659098e-15 -6.994601996295862636e-17 4.826785276771649014e-16 -1.940787768716259961e-15 9.038059585075518104e-16 -4.685185438790552130e-16 1.040407066858561336e-16 4.520695711927647353e-16 -2.662883530487200247e-15 2.289026863064480677e-15 -7.780262228746213987e-16 -1.211906904125084004e-15 2.789949917826412617e-16 -9.171455325112639062e-18 -2.530399219779536747e-16 -1.337900965303827737e-15 -1.304533716941879914e-16 -5.719930754880951523e-16 3.921462830622147586e-16 -2.157107033369771856e-17 -6.461424552073526169e-16 1.655874369488534959e-15 -3.687301458900731539e-17 -4.388452471346624313e-16 -7.653039734114702828e-17 -9.007521643785202899e-16 1.022612359013171526e-15 8.557907543891193388e-16 4.838165169163452864e-17 -1.000883259051928041e-15 1.047952015585900337e-16 5.970953655487528717e-17 -3.206642244380181502e-16 -2.815408519519510442e-17 -1.409195142458072821e-16 1.020415672335039682e-16 -6.577106897153050704e-17 -2.030125363130985741e-16 -1.143847665292547159e-16 1.636537801201331784e-16 2.686353177188120645e-18 -2.327051901640994724e-17 2.567906921342613811e-17 2.234272073280767562e-17 -2.119713519246234177e-17 -1.279550523162509567e-14 -1.049705685596578268e-16 1.134721672747672960e-16 -2.100339272751540783e-15 9.810187575972231040e-16 -1.508938132396472224e-15 7.221494747048850705e-16 -6.875574713336985521e-15 3.290201967988788264e-17 -8.414356004898002604e-17 4.085847860543557024e-15 -7.902411397419450499e-16 -3.393830238382514201e-15 5.133954539496851994e-16 3.450145246434554139e-16 -7.665943338119700602e-16 1.285378552035993847e-15 4.940662467935027650e-15 2.034219752793279349e-15 -1.800438499745313100e-15 -3.179276783855061531e-15 -6.149304967329021741e-15 -1.195437168306348643e-15 -2.467981118831693959e-15 -1.965971621760652372e-16 5.705628684748124428e-15 -1.219165574017518842e-14 3.101042120616964574e-15
-1.211355769582837952e-17 -4.658767240703229534e-15 -3.963508793162344092e-16 -9.372106596022212052e-16 4.186543498893059798e-17 4.570134729007780919e-16 -5.152986457538973661e-16 7.883173045220856705e-15 -3.376374998732595918e-16 -4.333487748685417484e-15 -1.991652717448521929e-15 2.324423564619798797e-17 4.535104360731305492e-15 -2.173369848236150877e-15 -1.966062464039070183e-15 9.413701076291448931e-17 1.558911971841964145e-15 2.825378664394505586e-16 -1.030867019345626512e-16 -3.142332378126418953e-15 -3.085014321657568953e-16 -2.413592718271133074e-16 -2.212460426671018403e-15 5.908335574554842129e-16 1.329603384761086851e-16 -1.753740014114130427e-16 4.785468610888142862e-17 -2.734987892071176573e-16 3.453776721322825947e-15 -1.188906420601231206e-15 8.295625161286831075e-16 -6.071720180273413076e-17 -1.524327111037935245e-15 6.251934726894430278e-15 -3.963668486340443323e-17 1.863872922012947731e-15 -5.034704098057911618e-15 -4.660065065116491791e-16 -4.643198890987226091e-16 6.205737734478618904e-17 4.201916301921753642e-15 8.657192643085453992e-17 3.704565362642349370e-16 -9.500839023527603551e-17 3.248347491078488798e-16 -7.714198548434493174e-16 -1.307877220924573648e-16 1.493627106344662425e-15 -4.003654765230182133e-16 -1.241270657681872703e-15 2.849898292621311163e-16 -8.846768011940531903e-16 -2.751714803019568466e-16 1.078358812311768618e-16 1.855040352420443575e-15 9.582221897430944421e-18 -3.439423128267074849e-16 2.852796567822727392e-16 2.602599968165724386e-16 3.139809972064923134e-16 8.108314507045826189e-17 1.901445484151446077e-16 1.152882043938037310e-16 -5.909863859779615383e-17 3.365848052397473139e-16 -9.120552759779021632e-17 4.167069506969324691e-17 2.984057913415374176e-17 -5.879130944134110280e-18 2.051861294019878131e-16 -8.578312366661583959e-15 4.932106471699502739e-17 -3.588724434838264045e-16 -1.728373455122379827e-15 -4.946272248091605641e-16 3.474860361116348582e-16 6.000684011821681368e-15 2.322369935307585071e-15 3.654244594838167507e-15 -3.785458811721457002e-16 -3.892205075407458779e-15 9.361691916322837032e-16 2.571349258440065226e-16 -9.099080055891643095e-16 -3.353015478516182838e-15 -4.912204201592120948e-16 -7.727555175316061624e-15 -2.669810477237757196e-15 1.843363096164958896e-15 -6.092919302202396050e-15 5.257345775976223354e-15 7.409949684352871066e-15 -3.934468751417147242e-15 -5.303329136090312556e-15 1.623794176250959000e-15 -4.172859371486129382e-15 1.299780662985350409e-14 7.132620911409949002e-16
-2.922566490027183476e-16 -1.035223830879928179e-15 -3.404221238442788178e-16 -9.155423574968341558e-17 3.293175358377856591e-16 -7.406461687284618437e-17 -5.217439061522843523e-16 -3.376374998732595918e-16 2.065993457886851116e-15 6.199955135250897763e-16 -1.014652005115602896e-15 -8.669798142146073933e-16 1.331964322496669295e-15 -1.050288495424894514e-15 1.595286066950731833e-17 3.380509722852030492e-16 4.592796688072737678e-16 3.542823391721263439e-17 -2.044843847069697981e-16 -5.699952512023476342e-16 1.944951731428829703e-16 -6.242701185656396206e-16 2.057722150202962171e-17 -4.084459431191635154e-16 -2.539453361611200933e-16 1.092391128231364168e-15 2.198698375571957100e-16 -3.492488055555015128e-17 -1.025839994393537464e-15 -1.019543690348892025e-16 2.446218226799079003e-16 2.370899082592348665e-17 -9.538807871456364702e-16 -7.280416867019980065e-17 -3.261044356098468240e-16 -6.130646852650244190e-16 2.433890275574549232e-15 9.766438031203991517e-17 1.891603463303477393e-16 1.720998174064591017e-16 -1.185483822486108346e-15 6.328047378030890203e-16 -5.576164063204865294e-16 9.040187545517828390e-17 -2.154635932167987067e-17 -1.486645400999355605e-17 -7.511379998618229553e-17 6.800840085167119315e-17 3.965917063271266248e-16 4.564830508934656533e-16 2.998477238303819648e-16 -7.847440427136614670e-16 -5.521047077528753570e-16 -2.625019812785086888e-18 1.204046166232174910e-16 1.228632228658533995e-16 3.272736956053116379e-17 1.090215834353046424e-16 6.842194659745682294e-18 3.892026722994808202e-17 -5.846940537015825041e-17 -4.842913738457210978e-17 1.423093671811128690e-16 8.395129488739198125e-17 -1.162339341011630889e-17 -2.561182507011237614e-17 1.021132173083285736e-17 -2.382215682347927349e-17 -5.298701332368132510e-18 -1.178405743321709941e-16 6.061219327436128331e-15 7.130041942898983719e-18 4.315193025418932830e-16 1.101796513177089287e-15 -8.636795732606888506e-16 6.161914074744628992e-16 9.612406103306487851e-16 2.545525642040483952e-15 -1.689487734950995054e-16 9.346575119370367516e-17 -7.202662247914291766e-16 -3.186540609159456276e-16 9.117667661639155668e-16 2.918010780971384994e-16 -7.500660034031366845e-16 -1.832111039566619555e-16 4.590659163508093521e-16 1.411428976615848767e-15 -2.161321923832536577e-15 2.903032735251520077e-15 3.264269161165425081e-15 -4.394534427949553321e-16 8.767993790197327264e-16 1.767826918106524716e-15 -2.040791454877686646e-17 -2.190974277018121359e-15 6.978105112934167543e-15 -1.569469601129491354e-15
-1.692171565215849262e-16 5.952020931446172017e-15 -2.323230578459169250e-16 5.016640947840208524e-15 -7.901711699149022860e-16 -2.378335811780238057e-15 1.097629850203204531e-15 -4.333487748685417484e-15 6.199955135250897763e-16 2.285392436835448705e-14 -9.293748253328336214e-15 -7.061661443673361165e-16 -6.610034658024311073e-15 1.146129431453568764e-15 2.832741383370097509e-15 -8.121957417677670227e-16 -6.281289312501463810e-15 2.154385549248062173e-16 4.262137103143403632e-16 5.003363506165380541e-15 1.446549129407523864e-16 -6.927394906950211522e-16 1.809122653999531905e-15 -1.194167290022842977e-15 4.568508676710054805e-16 1.376233588511642941e-15 2.640470529446269139e-16 6.123932076439665155e-16 -2.661025789151190538e-15 7.521577207725905455e-16 -7.059492239828750968e-16 -3.037233201745084462e-17 -1.609789174157945833e-15 -1.100833963440970346e-14 -1.882719307960126473e-15 -1.947261746263394359e-15 4.127789972352204910e-15 1.542242248683595838e-15 3.699259614400723032e-16 -1.379473884107260166e-16 -6.606487006671797851e-17 -4.162047653428422710e-16 -6.073116108149313853e-16 5.800873250589221052e-16 -8.619289040414616079e-16 2.923310868946152441e-15 3.855247987996242194e-17 -2.449893344551578178e-15 1.928606322755282357e-15 -2.390034315347319994e-15 1.145321301525590533e-15 2.211242323813188341e-15 8.284054104543977094e-16 -1.483271034393582261e-16 -7.823938134835667874e-15 -9.442108571900477317e-18 4.485169081900918751e-16 -2.102798744359252168e-16 -3.621356037175350766e-16 -3.842632625825508035e-16 -2.275098503460103186e-16 -2.281771289232033026e-16 -9.634098978945778005e-17 -7.000485828821117139e-17 2.408310830876050660e-17 1.581194365882777769e-16 -1.025443509586189442e-16 -2.954048831537856318e-17 -1.630271699174985972e-17 -1.576519226987714338e-16 2.835656341670812013e-15 -2.413989005424031398e-17 -1.563102148959584078e-15 3.435435155233299847e-15 2.818552781445936984e-16 -2.048980575440804343e-15 -1.327758598627395475e-14 -2.150920585408944454e-15 -5.779461723855600991e-15 5.892718884580909594e-16 5.581837221108241208e-15 -1.010510934161221510e-15 -7.920880540880764719e-16 1.897827870246230216e-15 3.193026724287105944e-15 2.051584604951798931e-16 7.568792629097483950e-15 9.145390792958577808e-15 -1.482285957999813405e-15 7.719273716373681186e-15 -2.585949109307452608e-15 -6.713083031445720199e-15 2.039586748043971136e-15 8.973625771781363698e-15 -2.776414034113764618e-15 5.504336766952446923e-15 -3.898921424986194537e-15 -1.682183378681386491e-15
4.019424098095817368e-16 6.674940260290807758e-16 1.587062327056799575e-15 2.113400022289190711e-15 -7.821446018087370492e-16 9.130047639314837378e-16 1.156165939470340202e-15 -1.991652717448521929e-15 -1.014652005115602896e-15 -9.293748253328336214e-15 1.463783122471854038e-14 8.968035416888021545e-16 -3.267956258419247227e-15 3.738738662981621207e-15 -1.407424520183129400e-15 9.642410856565565733e-16 -3.579416392611258922e-15 -3.959567772701632230e-16 1.142854915432422561e-16 -1.074071368793775930e-15 -8.543314761836582285e-16 2.368030815998506406e-15 -4.853191828407202315e-17 1.584303875653828596e-16 -1.447782879653636522e-15 -1.737926799125029213e-15 -1.348178891774591073e-15 1.301180013917903493e-16 -1.610565110237417305e-15 3.147239086862349931e-16 3.885732759177306754e-16 -6.864189357254757233e-17 1.236261983771310026e-15 4.592401345000496974e-15 2.580185412237649576e-15 9.611119002699383460e-16 -3.753766389539260379e-15 -1.097382510988061534e-15 -5.036763615080192408e-16 -4.015347285229371617e-16 1.794502050310369727e-15 -1.720460664863056936e-15 -9.092032978754215282e-16 -2.910188073609504084e-16 5.627899915488013038e-16 -3.690916904832879221e-15 3.009959803542344141e-15 -6.405553241530208062e-16 -7.777996932110142310e-16 2.332242095481193542e-15 -1.660669304266388103e-15 5.230216461549876857e-16 2.506072104071890286e-15 -3.166523832446905055e-17 4.628312887866667613e-15 -6.904978486417200365e-17 -1.798495947308829151e-16 -3.492974376113169945e-16 2.461928666144111295e-16 -8.711947449577382273e-17 -1.539877217910447739e-17 7.966290863604217975e-18 -1.609485488611828914e-16 -2.779766708529565349e-16 5.114590961560904699e-17 -9.545645682226351350e-17 5.414470846497103921e-17 5.271285884834283385e-17 4.396555831880197415e-17 1.814086676740462994e-16 -6.031750400580961517e-15 1.293803916813108285e-17 -4.923861518633207320e-17 -5.399863999875930537e-15 4.668590540755762175e-15 2.458664113987107650e-17 4.641381930293129021e-15 -2.260156241141503340e-15 2.022053304069981495e-15 -4.855975507852367199e-17 -2.898611819692796311e-15 9.035700406436558705e-16 -1.978738101712957251e-15 -1.314681511994104310e-15 3.076511679900949899e-15 -2.046696142369448067e-15 5.352297151978499379e-16 -6.883491327124146744e-15 3.707010876065755916e-15 -8.743681507681251287e-15 -1.636619308427994161e-15 -3.058414309820112050e-15 1.431862480813210681e-16 -7.575554978456495521e-15 2.105070486810599484e-15 4.985108087836454513e-16 -7.845221271155166767e-15 5.758298839232286801e-15
7.459561379628570628e-18 -6.862965102589895843e-17 2.827404469970849554e-16 1.632785760719937365e-15 -8.402358561288285774e-16 1.106340983313706442e-15 -3.855537526865561508e-17 2.324423564619798797e-17 -8.669798142146073933e-16 -7.061661443673361165e-16 8.968035416888021545e-16 2.978224953156471508e-15 -1.316974411029576066e-15 -3.855427535031576293e-16 5.665097765746351461e-16 -2.676558723699887693e-16 -4.337611080178835059e-17 -1.324313346559466392e-15 3.408693269541755315e-16 -2.278594070674149852e-16 -7.308727346228157058e-16 7.684493987123471788e-16 -7.636295245142141617e-16 1.472745991272541504e-16 -8.093506076168500376e-16 -1.133786968731847899e-15 -3.015802967493071016e-16 2.373711049969449861e-16 9.541069013817383684e-17 4.184066978102063197e-16 5.753705893216496198e-17 -3.644290983751141082e-17 1.289194676614484599e-15 7.377169622003703538e-16 1.055199803837596795e-15 1.581836739197361322e-15 -3.031390922111394862e-15 -3.808151456086833783e-16 -7.917057545430272502e-16 -1.641336276493061301e-16 1.731402851690757069e-15 3.426061199410474195e-17 -6.000785115540693472e-16 -8.077334938939914462e-17 4.680571936060153025e-16 -2.331490958314367708e-15 1.356858164750890800e-15 -2.394907711708241823e-16 -5.541117638712698347e-16 -7.941037740545470857e-16 -3.819937595875177812e-16 1.739653244849226134e-16 1.416146827568934340e-15 2.839642706566067264e-17 1.536660726348055089e-15 -7.635825186403541668e-17 -8.221586642602394193e-18 -7.288097624006540350e-17 1.626735909686402428e-16 -1.647219139438399362e-17 1.010051305827462459e-16 -1.380395728479920095e-16 -1.786657183879853546e-16 -9.567623339438930265e-17 -1.896765907095258225e-17 -1.423154330867027477e-16 2.393118119098474379e-17 6.074070475216875686e-17 2.256676506940150427e-17 1.398782933332058127e-16 -1.865534098818909776e-14 1.961076142791151772e-17 -7.193161652233650007e-16 -2.953094205156285239e-15 2.331081613748697108e-15 1.076178675411812271e-16 -1.398722562821548638e-16 -9.635298630416391205e-16 1.798602760488895338e-15 -4.756751284961621967e-17 -3.101846209953321519e-15 1.000708640174864127e-15 -1.208725910742025806e-15 -7.050381889358974832e-16 1.540654413876958379e-15 -1.248496631059880862e-15 5.400426517231472448e-16 -2.010132938467909109e-15 2.875676671284284514e-15 -5.328409482599939836e-15 -3.036552086068536578e-15 -1.293398448761587535e-15 -3.098911819970445097e-15 -3.023124291893931697e-15 1.026667285950841533e-15 -1.592442030284114494e-15 3.457087077382128471e-15 3.234788677605254647e-15
-9.885174827652479686e-16 -1.252334401221817644e-14 -1.879283782536696379e-15 -3.935020938855147882e-15 2.136714279292794465e-15 -5.932711911589300089e-16 -8.086951568869510363e-16 4.535104360731305492e-15 1.331964322496669295e-15 -6.610034658024311073e-15 -3.267956258419247227e-15 -1.316974411029576066e-15 1.346933818768569084e-13 -3.174947836876462612e-14 -5.429213032595385478e-15 -1.222466288742384337e-15 2.221355360239396325e-15 6.030284975710368590e-16 -1.056137410811009075e-15 -1.326297506471025150e-15 1.865455525903866729e-15 -6.640737267619760925e-15 -1.220555703019148417e-15 -3.934551101873467544e-16 9.516861335179956080e-16 2.509403629260534458e-16 1.344363173667261742e-15 5.106904798153703926e-16 -9.752745421082100028e-16 1.240300582084119386e-15 1.306307177064466971e-15 2.512473415983747569e-16 -1.136781622893186033e-15 4.926021162830201112e-15 -7.772521683075164425e-15 -4.780782442424672764e-15 1.428989531304174648e-14 8.591441928727189575e-16 6.581016663592676685e-16 1.557691474140978995e-15 4.228221831318061508e-15 -4.250991031171170401e-15 3.319478818728775371e-15 6.290330494164619680e-16 -4.554687673789926900e-17 9.477548968260994529e-15 7.299579857443929154e-15 3.834745950062927515e-16 3.953841931337774007e-15 -6.024612211649342777e-15 -5.845755591868876724e-16 -6.654865326485191637e-16 -5.307890937773757397e-15 -3.737695995572584535e-16 -5.876945351818424004e-15 -1.311960240779158882e-16 -2.836361511725645541e-18 1.116635185438534893e-15 -3.447014599335472386e-16 5.697274541497321455e-16 -3.083134200286647402e-16 7.473600572084209059e-16 4.179210901093860128e-16 2.858098412883794466e-16 8.201752959060869242e-16 2.996279675187264936e-16 -1.038778604425096902e-16 -2.923080791032865485e-17 -2.890410333160654101e-17 2.204603093263013044e-16 2.757633516200788887e-14 -1.557803475617464856e-16 7.972471792116879473e-15 6.711290096273057638e-15 -1.145180804545259136e-14 4.487553399310356792e-15 -3.838249709795659440e-16 2.589296085216734725e-14 -1.171894190800521130e-14 4.266301571653887550e-15 1.811124005921087287e-14 -6.069241030851238308e-15 4.133499363633886904e-15 3.210987987757307600e-15 -6.012763462214496324e-15 1.605373293895071068e-16 3.013989790343524205e-16 1.366173304910754655e-14 -1.142062321450225480e-14 2.756260993335572281e-14 2.524999978066626534e-14 -1.245237635278158319e-14 -1.267737743727018134e-14 1.557176646229521688e-14 -3.125308132483206173e-15 -1.284703199267736202e-14 -2.666258006702969360e-14 -9.995306982851567356e-15
2.770391216325970181e-16 -1.405642422404277505e-15 7.119609407182514406e-18 -2.154218337012074572e-15 1.468433160727784240e-15 1.503436227117197870e-15 2.985127620525744720e-15 -2.173369848236150877e-15 -1.050288495424894514e-15 1.146129431453568764e-15 3.738738662981621207e-15 -3.855427535031576293e-16 -3.174947836876462612e-14 3.008273149213910221e-14 -9.714692020803860823e-16 -5.773797827330977146e-16 -1.196804864281718631e-15 9.335441790451817092e-16 2.924465304667706077e-16 -2.821039703212426434e-15 -1.772409203216391495e-15 3.208362803189913512e-15 -4.330293102476384105e-16 1.476620745485773184e-16 -4.267618841418911710e-16 1.948893269194933332e-15 -1.410194888495831631e-15 6.938660702718966780e-16 -5.215557076765013388e-16 -1.669452626365941462e-16 -5.661530255655634595e-16 5.161141931864863860e-17 -5.960057022908828941e-15 7.300377281524611957e-15 3.602828735079859193e-15 -2.097512424130939349e-16 1.881325293427002483e-15 -1.494662535835442601e-16 5.718393018309353803e-17 -7.547711486542554845e-16 2.449096425981912673e-15 3.633537918437267781e-16 -4.585774866140973780e-16 1.550625011931396628e-16 -3.220726171088743790e-16 -2.521387590753079925e-15 4.393473448845558910e-16 3.848347922043628471e-15 -3.927176632202780346e-15 -1.305680059037723148e-15 3.848062441133691738e-15 7.157430061209478993e-16 2.374137658200408285e-15 -3.573298096192459698e-17 -4.060022140188330347e-17 4.377516230711579922e-16 1.167226158788106949e-16 -6.026185074279151635e-16 3.479712501361996051e-17 -1.510134737587754151e-16 5.579819915210031881e-16 -1.446755776583449667e-16 -2.619265976126416158e-16 -9.977454325754664038e-17 2.929319593832605090e-16 -9.227645191813506516e-17 -2.409901481063480386e-17 3.134503199211766233e-17 6.554796814964981643e-18 3.248629323085702617e-16 1.470438499430003426e-14 1.079494011045088050e-17 -2.527013541773132290e-15 -1.488795894957463992e-14 1.119615313103452219e-14 -4.765946747312350561e-16 1.882002014125230254e-14 -9.025614872594922701e-15 2.242896036378009587e-15 -2.050813931974693156e-15 -5.417781991365366457e-16 8.794753737746831515e-16 -6.779738390454810154e-16 -1.497678446354078359e-15 -2.839879563834537282e-15 -2.187587655772651532e-15 -6.327437131174154622e-15 -8.390165498634247915e-15 6.949464857110440207e-15 -1.537752846914903514e-14 -1.041340656915560364e-14 1.129011277401297828e-14 1.267938916097291683e-14 -1.898407646153147846e-14 1.962478200089142682e-15 6.449133152166358932e-15 -1.158322228109262766e-14 4.615086522213747672e-15
-5.283757925158861670e-16 5.309230644946670216e-15 5.524589377515815496e-16 -1.104369216052999570e-16 -7.592084141785484447e-16 1.022519906213885272e-15 5.793967035655825723e-16 -1.966062464039070183e-15 1.595286066950731833e-17 2.832741383370097509e-15 -1.407424520183129400e-15 5.665097765746351461e-16 -5.429213032595385478e-15 -9.714692020803860823e-16 1.221729273274842973e-14 -4.112926430276308205e-15 -2.546659594338633881e-17 -4.278578961556029800e-16 4.221672996418014928e-16 4.750445670615730887e-15 1.080272149659441580e-16 -9.499356973003818989e-16 1.438517411770168398e-15 -6.288287979991132058e-16 3.419448472515218367e-16 -6.704939730301791652e-16 1.077423370584173438e-15 -1.003743680794750042e-16 -1.187545695777613647e-15 5.527050358846913025e-16 -7.837717308476365624e-16 -3.317230234699244852e-18 4.397080357791236092e-16 -7.256996181250784802e-15 7.491618149441340519e-17 -8.128621587377852430e-16 -3.919614723589175659e-15 1.393740310106109273e-15 9.611691111252234638e-16 -1.743082074827968603e-16 -5.018002381451759120e-15 -1.276379894182173961e-15 -3.076466138595169165e-16 7.625156781186403045e-16 -5.679194673249687886e-16 3.873356468803404638e-15 -3.717036752717456945e-15 -3.210357077841025852e-15 1.451270584455258123e-15 2.878374636594219085e-15 -1.253594340922280488e-15 1.259221921765486708e-15 -1.520526245772493584e-15 -8.142661654109282127e-17 -2.609762252518089782e-15 -2.558975039754487876e-16 2.225394531320629804e-17 -1.919740507640339014e-16 -2.665478100355241443e-16 -2.388556465635599776e-16 -4.969754294954724350e-17 -7.422717296489443384e-17 -1.980258673257951707e-16 1.752943237879565553e-16 -4.155877109328511267e-16 1.487314374344421981e-16 -2.331379311255152956e-17 -5.161145904680763184e-17 -3.606773009099923028e-17 -9.937630979687398526e-17 -1.386934665573451021e-14 6.989846633922691810e-18 3.752589297737757384e-15 8.861526922624287019e-15 -7.435579458752280913e-15 1.937083162651866507e-15 -4.108856298157662834e-15 -5.375837365457917864e-15 -1.471968637546910978e-15 1.406254328683755241e-16 -6.859070231926153197e-16 -3.647291532192223028e-16 4.397911329290609202e-15 1.672037644675393282e-15 6.548595568737511703e-16 2.993606262999505175e-15 6.752715047392548772e-15 -7.258744318624306012e-17 -2.686034710489798929e-15 9.908933694943658760e-15 -6.906752850444020561e-15 -9.441922231735242929e-15 -3.494250759778756260e-15 1.006263190623102576e-14 -2.840752612674727351e-15 3.291933209205119340e-15 -7.791068068273375327e-15 -1.161341605720237067e-15
