1.435683304130146831e-15 3.714568505308119310e-16 4.880124250743248702e-16 -2.699626306204713983e-15 2.353607217403969701e-16 -9.117614070605522056e-16 2.703158845045724488e-16 4.943720243295203101e-16 -4.787699900311727157e-16 -1.069441284859436469e-15 4.460538249370646987e-16 -1.062561926721993330e-16 6.545667115253602855e-16 -5.201378694715569163e-17 -2.332726484613665513e-16 -1.232102095583456574e-15 4.870170804186903849e-17 3.050859126627777893e-16 2.620718104973708410e-16 1.007729507269706330e-16 2.677644089125977851e-17 -7.792767983874402163e-16 9.711830045392541400e-16 3.570170806241072824e-17 -7.462805154109832450e-17 -1.371383090673406622e-15 -9.721911647652151881e-16 -8.489647748849734521e-16 1.116175798241964596e-15 3.171915663497431754e-16 -8.151653364134486689e-16 1.166312901439412969e-17 -6.516993133036864068e-16 -5.589648924464087558e-16 -6.511820750797160548e-16 8.781439337834407392e-17 -2.067102800232641680e-15 -1.016861412934041784e-15 -2.927528029767559890e-16 -1.169128044721176506e-16 3.653366887257486615e-15 -3.923738862359865213e-16 1.787887367373822454e-17 -8.805058579547209618e-16 -2.246274591069825624e-16 1.267730969441847990e-15 -6.516061861255096121e-16 -1.347434870758081275e-16 -9.601367984767300208e-17 -5.120833847307742099e-16 3.971131258105857276e-16 -7.261469662619043351e-16 1.699858126287032649e-16 -5.805993188020138126e-18 2.661758249422036922e-16 -1.397154583163499687e-17 1.487425072647466840e-16 1.132617902747769868e-17 1.468624441846112927e-16 -2.557448521018934598e-16 -1.463962545686455384e-16 2.965730443899775096e-16 -1.830437734731508906e-16 -1.128481317880442693e-17 3.724090429898637962e-17 5.020113945201221845e-17 -3.423535508772893860e-17 1.687261776658853927e-17 -1.073626643811360835e-17 5.504934156206675254e-17 -1.688628163050333116e-14 7.117543655092315873e-17 -2.104517187214194749e-15 7.799057513181060713e-16 2.156158922860871680e-16 1.064966255354483213e-16 -1.007851403803919153e-16 8.535164255776352782e-16 -5.244597700491642654e-16 5.889327700805607250e-16 3.770454410188445023e-15 -7.285926482062064152e-16 1.134179774411783364e-15 -5.365366997539142885e-16 1.312806563415878905e-15 -7.354613943602227927e-18 2.460927228319116128e-15 -6.746621825278576398e-16 6.428205348982243838e-17 -7.299754401577298920e-16 -7.640236356499187891e-15 2.165388676756094809e-15 -2.056237300808365642e-15 1.409377274416529419e-15 -1.951452729367116113e-16 1.877735175992244728e-15 -2.814368427936311771e-15 1.933061357451417509e-16
3.714568505308119310e-16 7.343712942548314173e-14 -3.360104891459388255e-16 1.383555221730782289e-16 1.995432576431305424e-16 -6.658824502799672456e-15 -5.962284742326254823e-15 -7.229669606373225266e-15 -2.485895120370089573e-16 -1.124326380550658173e-15 2.000320233410723436e-15 -3.921602589165745662e-15 3.332443694169664709e-14 -4.056690165978819425e-15 -3.563132068695965987e-15 -1.533735534946518155e-15 2.494693044759607024e-15 1.018090564749738650e-15 -1.171562157746868159e-15 -6.520056079911467326e-15 1.178781548510178903e-15 3.876256671773441463e-16 3.952206729476581499e-15 2.358974881763352279e-15 1.598982572081294258e-15 -3.694658155680194038e-15 1.663323713542360075e-15 2.354595375270225965e-15 1.650098618109610393e-15 -3.082163056209747994e-15 -9.291739047206474734e-17 1.545331463961339130e-16 -6.329119477380463394e-15 4.462230446436292513e-16 2.644373864590786006e-16 -1.669801022934019486e-15 1.486697835275730271e-14 -8.486545288793334919e-17 2.688434091612230765e-15 2.587810540689646598e-16 1.214715556288485799e-14 -2.399902667732499121e-15 3.059263567769895432e-15 -2.570967427987383919e-16 1.223463454866709214e-16 9.765039151655161887e-15 5.583714473039006322e-15 -2.480789777778092507e-14 4.079795801682956365e-15 -2.792004303763358396e-15 3.160798072053634848e-15 3.155204921153994223e-15 -2.310642243889361945e-15 -3.886754721024603149e-16 7.362328186677726689e-15 1.339626889506142264e-16 2.130090339941728724e-16 -3.544601317930888705e-17 1.165153522601193072e-15 6.773474563845398491e-16 -6.809023844452321090e-17 8.386821031462770266e-16 1.008471366986969952e-16 -7.118819459938887021e-16 1.111065834412521368e-16 2.161824112514054830e-16 3.458551495493385426e-17 1.250923565460420660e-16 -1.067837932247755232e-16 -3.735312594953016799e-16 -1.056715904247125439e-15 1.790683171847827944e-16 1.015925057827685509e-14 2.229800679444824880e-14 -4.175321391275778119e-15 -1.015139776134298881e-14 -6.151758294983509720e-14 -1.017578513668683109e-13 4.852819409966245376e-15 3.156872905971649275e-15 -6.850469500838852950e-15 -5.019825276099608426e-15 2.820529466023854876e-15 1.093756803909850269e-15 5.019567852335468491e-15 -5.710473530031393543e-15 -4.923136936408392347e-15 -1.872535318417285950e-14 -5.376465628410776177e-15 -8.944006125539781100e-15 -1.189074340568637348e-14 -2.554248274827874688e-14 1.427737404515395722e-15 5.859271068160295961e-15 7.115449736036146447e-16 -9.942725298858574875e-15 -5.890256651771440214e-15 2.165406500260582664e-14
4.880124250743248702e-16 -3.360104891459388255e-16 7.986816718626106910e-15 5.222842943279585424e-16 -7.497810432054511285e-17 1.496519770480870035e-15 -1.775860466178616906e-15 3.837241206020547099e-17 -1.024922240463251160e-15 -1.077785141562808192e-15 1.095544364376152725e-16 -1.108536038306146807e-15 5.387999688136502326e-15 -2.830087317998508710e-15 -2.469760817920256155e-15 -1.499631247630120680e-15 2.655747267299664434e-17 1.396292526085573968e-15 -1.936692625329976169e-16 -2.513003788655868994e-16 7.655797310304484305e-16 -5.518401581882748101e-16 3.185420671902687220e-16 1.060097174820892607e-15 1.364407933905700627e-15 -2.947647134885737252e-15 8.058316844074357058e-16 -4.672136106195842666e-16 4.384556805930515257e-15 -1.116725685573300021e-15 -8.642097370994448738e-16 -3.568656055255779088e-16 -5.836542446673546647e-15 6.378888149126747682e-15 -1.393638015371449223e-15 4.091995367459296431e-16 -3.640382393095960910e-15 -2.697737546884330824e-16 6.135545819059564244e-16 5.150809662973789524e-17 5.596510459093244438e-15 3.105636453730546849e-16 -3.608746335785521644e-16 -2.002968991314678034e-16 2.733310789773810200e-16 5.459808298521178643e-16 -3.034394316204936125e-15 -1.441913907938601813e-15 -6.308214290195429267e-16 1.713596128007496885e-15 -3.311694166907826196e-15 1.399742929964757646e-15 5.252451888595086690e-16 -1.782439487217741793e-16 6.019776059054928158e-15 -2.539822780588626130e-16 -3.546456484967683018e-16 -2.330830120703498493e-16 2.141554766770648040e-16 -3.377366191267017000e-16 -4.517990263557100660e-16 1.269238805916299126e-15 -5.082733643434017420e-16 -1.017093059413203245e-16 -1.634361985107021933e-16 1.812770422138104580e-16 3.612106437386159495e-17 4.046367339220813663e-17 -3.454632100820489279e-17 -2.173286729710249424e-16 -1.328278904474453844e-14 -3.600264417514935376e-17 -1.073010556856909304e-15 1.468651389131592390e-15 2.845283087501324690e-15 -7.524997892163465023e-16 -7.957287969515692202e-15 -1.112952387849674621e-14 -4.663764317070847331e-15 1.544780163741981424e-15 6.479546714237499617e-15 -8.684061483697458192e-16 -9.145560734812093843e-16 -1.211453156497128445e-15 1.430507015959094172e-16 1.665872159369728925e-15 8.032895093688555159e-15 -1.050138477477693557e-14 -1.935925512852177734e-16 1.911575257341766196e-15 -1.634503364467659050e-14 -6.751060626051888015e-15 2.331942236398575222e-15 -2.839634014910147582e-15 1.697593198611854302e-17 1.447060619623475917e-14 -1.518429454014529678e-14 -5.311523453676279711e-15
-2.699626306204713983e-15 1.383555221730782289e-16 5.222842943279585424e-16 8.381860154793620477e-14 -5.079947665079167386e-15 1.954992876592925800e-14 -9.106599675726227879e-15 -2.611997610744959888e-15 -2.950384858812402195e-15 2.957875235950701562e-15 -2.521833460661476403e-15 1.193724964315001402e-15 6.335872149194473376e-15 -1.002304127498372445e-14 -3.755751390313935960e-15 2.366652152622422058e-15 2.783237724375199538e-15 -2.454376627156883049e-15 -6.179216191507483361e-16 1.868729292711373333e-15 -7.573335837554062290e-16 -3.612568908506797977e-15 -2.563304409606476792e-15 2.136291456513090815e-15 1.390800824434053327e-15 -7.125498224869317740e-16 3.200354269765692976e-15 6.414097097928027217e-15 -4.949163295743281645e-15 -7.900786939696474230e-16 6.132518353197737615e-15 1.511662738548033804e-17 3.016094102386415585e-15 1.052580539715229239e-14 -5.328557426337082574e-15 2.863038628237315477e-15 -3.735792961581676929e-16 3.848488269745733426e-15 9.175344393746089530e-17 5.720630795773982482e-16 -2.202734941968048863e-14 2.228410321019905443e-15 1.184823639243890556e-15 3.496910634556367250e-15 7.023942013344419328e-16 -1.495031158978271720e-14 2.047188737888994128e-14 -1.946781955073329843e-15 -5.537374962561280866e-15 -7.223490463612758196e-15 -6.660482470764475694e-15 6.592839915949236400e-15 2.144816287660889306e-16 -1.140877894058044757e-15 2.712609757809468712e-15 7.103116146889768011e-16 -4.975070379357345324e-16 -3.698646292153495052e-16 2.657502009866558878e-16 1.873948146351919004e-15 -6.283881558837044469e-16 8.525902747344940371e-16 -1.066867108019669779e-17 -5.998030856961527299e-16 -5.145007850089681011e-16 -3.980200807043522996e-16 3.223513873706808471e-16 1.775186257313221852e-17 -4.957108943236229653e-17 -2.271753061183026820e-15 -3.274617397077412365e-14 2.325758762051496239e-17 1.269546685885065900e-14 -2.990790908827622991e-15 1.085192746740316384e-14 -3.164026495597600495e-15 -1.622353386926891414e-14 3.074749616483660589e-15 8.379919398740083435e-15 1.523637881805096008e-15 -7.268119799491458426e-14 3.904952433575713247e-15 -1.349147391875344908e-14 4.307670782203040708e-15 -1.269446387470096264e-14 9.278897060815775954e-15 1.881227594910209289e-14 -3.047680144331499062e-14 6.364046189969757082e-15 4.894030583145705393e-16 3.955891199207847114e-14 -2.620774237024826766e-14 1.483515441640697964e-14 -2.959682117608342174e-14 1.531121727288621569e-15 1.598420066232634091e-14 4.839226760654208007e-15 -1.227617670495435062e-14
2.353607217403969701e-16 1.995432576431305424e-16 -7.497810432054511285e-17 -5.079947665079167386e-15 2.054095589707653665e-15 -2.706650509475006085e-16 2.148222730162160989e-16 -3.462008231123816617e-16 3.223181929174482399e-16 -8.817519903023250667e-17 7.908368716769661523e-16 -3.560878270170744710e-16 6.248228803146426334e-16 6.629825771508453380e-17 -2.144441682496046758e-16 -3.771053168607854620e-17 -2.737218012559662139e-16 3.001517977316892643e-16 -7.219417332125561021e-17 -3.626487209538053305e-16 2.905763431726619879e-16 -1.717602510466896730e-16 1.941055793891607138e-16 -1.109874412189959147e-16 -4.702486422860105804e-16 -2.498624249934398215e-16 -3.056386870145463509e-16 -6.497106593517673463e-17 -9.263314685524707465e-16 1.424027323726690136e-17 2.779175804312009157e-17 3.035455086227976751e-17 2.871072474396035349e-15 -4.121568216481410633e-17 2.307931976106156197e-16 3.380613800094266555e-18 -6.950512400071136490e-16 -7.314373460540263853e-17 2.251281315848371024e-16 1.113618199658678541e-16 -7.919730401198369188e-16 -4.594355997055928014e-16 -1.531777563673574474e-16 -1.413170823401805568e-16 -2.304481486910808325e-16 4.148791314795771182e-16 -8.283159705220061079e-18 7.643874293062140423e-16 -2.381178918188320157e-16 4.715865032298283491e-16 -2.611001816301500582e-16 5.572566432810782205e-16 1.183891760718637782e-17 -4.052390054817022682e-17 4.050953745889414836e-15 3.863121450413206385e-17 1.093182908701801945e-16 7.568781303467205157e-17 7.198221717071201276e-17 -8.585787474663384365e-17 -7.873355688289558857e-18 -2.338127449942619695e-16 8.493888015305850068e-17 5.767103729262701256e-17 -2.422585057447659241e-17 3.117352218729760521e-17 -1.297105341394852164e-17 -5.001224209563223150e-20 -4.113376475321338920e-19 1.432274501958384450e-17 6.229244973426544959e-17 1.013606365693844716e-17 -1.027131882872975057e-15 -2.135114155637233644e-16 3.846976628362205013e-16 2.820955099411748972e-16 1.352308262456033819e-15 -4.289817245534729820e-15 5.043840288529699035e-16 -1.696479068354337571e-16 2.099124967409574425e-15 -1.294477068828502920e-15 1.359885845270105436e-15 -7.605057228141234139e-16 3.645951765109372201e-16 -5.860239514013530310e-17 -2.784958292185367372e-16 1.163389880945694321e-15 -1.564436795425891035e-15 3.753200732214643170e-16 7.323014588715190143e-16 -1.493083424703129130e-15 3.684617989591538742e-15 4.488701660295929578e-16 9.836729176679795580e-17 -4.617406869612741397e-17 -9.593488316190138594e-16 1.252084361719988761e-15
-9.117614070605522056e-16 -6.658824502799672456e-15 1.496519770480870035e-15 1.954992876592925800e-14 -2.706650509475006085e-16 3.733596641486433780e-14 -9.484892811235596457e-15 -1.885738325695232736e-16 -1.159756434506559799e-15 -2.322235021380890910e-15 8.516328705054695984e-16 9.164982640951991422e-16 4.708037374688689808e-15 -7.565064441355010498e-15 -2.958659577259815832e-15 1.118854031640245636e-15 2.888814294482358658e-15 -8.524018177935185518e-16 -5.374126439187170415e-16 3.958215974153750045e-15 3.317809384943488351e-16 -6.103747045717797526e-15 1.945996882158068869e-15 7.925422115862246982e-16 7.817260288017310419e-16 6.081429826059256321e-15 -1.558333339355341894e-15 2.955869277360646320e-15 -5.445412286991423988e-15 4.873395934994848157e-16 3.572885037744115442e-15 -5.616243715052649806e-17 3.561935735947906733e-15 3.867462748551444137e-15 -2.607314156596729217e-15 2.349372210693905471e-15 -1.330156207617901687e-14 1.211639663511651558e-15 -1.472322510173130683e-15 2.636479403641442392e-16 -1.984809966418555089e-14 -2.946766060973813956e-15 -2.181616044180625620e-15 1.350535759074409212e-15 8.377497460909566696e-16 -1.276546209028706035e-15 4.199756465688939125e-15 1.384020477320959604e-15 -2.364316866349268779e-15 2.063801060133401443e-17 -5.332746516669573189e-15 8.153501319062297824e-15 2.449046391530250219e-15 -7.013178898474393399e-16 1.061245966103412934e-14 5.291459997071270665e-16 -1.676312186921207348e-16 -1.659562142883136824e-16 2.446950986469931632e-16 5.648965462907270145e-16 -1.733434799730880467e-16 4.419084039559763230e-16 -1.379660075161177896e-16 -5.638065821529242353e-17 -2.559750548675072839e-16 -1.509363339745518330e-16 2.508982311073795862e-16 1.147358553517438564e-16 2.526144738496382327e-17 -1.261773289756153223e-15 -5.800910786905786818e-14 -6.474072604552260425e-17 9.716743831780149334e-15 -1.197781515101303184e-14 3.557075158824362853e-15 2.158786257970175993e-16 -4.701806260539778525e-15 2.156898023406030065e-14 4.917646086048968523e-15 1.735841732733279486e-15 -2.439534129232371275e-14 8.599517904163611547e-16 -6.200828511629237284e-15 2.204768969949078553e-15 -5.629615608978340876e-15 3.163237972221547555e-15 7.268131240811280929e-15 -1.682873934562931055e-14 -7.869075835785147959e-16 9.387594512659257151e-15 1.757558862796197779e-14 -1.077131185511127904e-14 1.313722976993806331e-14 -1.493132027844261953e-14 7.005581255400278778e-16 1.091064811739414261e-14 -2.194151241880926949e-14 -2.747603337406552353e-14
2.703158845045724488e-16 -5.962284742326254823e-15 -1.775860466178616906e-15 -9.106599675726227879e-15 2.148222730162160989e-16 -9.484892811235596457e-15 1.154958965813591858e-14 1.292255107401621070e-15 7.968366740100763513e-16 2.437469131845851198e-15 -1.434821450970459493e-15 1.316113675458406215e-15 -4.976088020575983957e-15 1.904935762363958689e-15 1.305997412761823520e-15 -2.239226770021326353e-16 -2.342316119597076745e-15 -2.554100599712144477e-16 4.355203126249519858e-16 4.448958177568709144e-16 -4.015822218954909617e-16 8.112219657536069452e-16 -3.850568633344012163e-16 -1.282746772722319125e-15 -1.481904809081298508e-15 -1.212469077160361387e-15 -4.355790327377395006e-16 -1.708798618272698458e-15 -1.782327727493642153e-16 9.699192977372912530e-16 -8.933897740905667828e-16 1.624166906626041254e-16 -1.633408800440864008e-16 -4.865948493301817147e-15 6.900573317181590717e-16 4.401743077334386590e-16 -3.735421306580305355e-15 -7.413435112935548755e-16 -9.819223886906989125e-16 -5.297182398668057453e-17 4.341611974519584101e-15 2.428750324499107062e-15 -1.747398379017991877e-15 -5.932537718364433754e-16 -1.599004604333720890e-16 2.867894636123355579e-16 -4.286267377380357617e-15 1.395111745828387752e-15 1.271100239842632546e-15 -1.760123044324497753e-15 9.291683413676272196e-16 -2.497521575947961249e-15 2.834873228996096069e-16 4.509164338948793241e-16 -7.232454003452334067e-15 1.096568145179389560e-16 3.711374109676624169e-16 3.326720871400241901e-16 -4.043466418923082653e-16 -4.342389082031165381e-16 3.795872142077788231e-16 -2.730973548548659360e-16 9.910772435686349635e-17 4.351899126975202131e-16 1.743134265454332564e-16 -1.097817247543548560e-16 -9.554570679945334594e-17 -7.093051376238020510e-17 5.166733303962213533e-17 6.004139575354267626e-16 4.616163268301025393e-15 -1.377442897469318901e-17 -6.322519010710143844e-15 -4.198737068212210645e-15 -1.856314487019410519e-15 2.351356696518825273e-15 -4.065850606623573838e-15 1.683945083666454953e-14 -1.171482176702448864e-15 -1.360978064426117331e-15 8.179886263390017292e-15 1.103852403679286451e-15 6.907229092287363125e-15 -1.637364274020904366e-15 1.143831548951964966e-15 -1.216074085753431300e-15 7.194001719232846806e-16 1.122435483570933364e-14 5.701737460888020374e-17 1.174848890727666157e-15 -1.483885749789706756e-14 1.294151927013862085e-14 -4.466370697747952305e-16 1.460246368646074159e-15 -4.224097720284945694e-16 -6.362588603921642297e-15 -3.356367344550381461e-15 -7.191657365626547523e-16
4.943720243295203101e-16 -7.229669606373225266e-15 3.837241206020547099e-17 -2.611997610744959888e-15 -3.462008231123816617e-16 -1.885738325695232736e-16 1.292255107401621070e-15 8.776804140772384160e-15 -5.353462115546169659e-16 -2.375778113672026095e-15 -1.218748944949514407e-15 1.359489501433810724e-15 -6.913178008218743809e-15 9.450137568043328153e-16 1.152958348812040365e-15 9.241768812558248807e-16 -5.991289347476530890e-16 -7.797556851074714134e-16 1.717038160265148059e-16 6.500865981421410598e-16 -1.354099843392820035e-15 8.764041540955036659e-16 -1.982447574745227255e-15 -3.153720526831479728e-16 1.114106907355707443e-18 1.453194505231090718e-15 -1.136902667004202802e-16 -2.272624428254379627e-15 1.506451686892088351e-15 4.621688359739664133e-16 -4.413977443920362358e-16 8.714025907323341371e-17 -2.867382576874583573e-15 3.100307603736232327e-15 2.429690898859140760e-15 1.326328291538684940e-15 -3.755094592619809440e-15 -6.690088272320428955e-16 -9.898391520918258965e-16 1.666293407599110199e-16 7.211274754391302366e-15 -7.516557078951131666e-16 -7.821390785928110760e-17 -6.722207009534466530e-16 1.276060696579336998e-16 2.632652094555153950e-16 -4.558654026798940591e-15 -3.126429493586965618e-17 1.091319974190935708e-16 3.355990498147769028e-15 -9.285007239601140077e-17 -1.174184916443786820e-15 -9.220471371998437375e-16 2.917308441467313679e-16 -6.692885209633517954e-15 -1.394850512615071911e-16 -3.762123244498746752e-17 -1.447617726241400931e-16 -2.867309927451225477e-16 -3.923645988418057487e-16 -6.863799885379590942e-17 1.367332695579369013e-16 -1.981452870157874987e-16 -1.400123270810209479e-17 1.976692644923314483e-16 -4.303716572807154677e-18 4.209734927744685250e-17 1.371745467266381599e-17 -2.171952289180959289e-17 1.276884620086393394e-16 9.279846587532612036e-15 7.729257918379521766e-18 -4.421546270366021316e-15 -1.257124570309544059e-15 2.684408440519884634e-15 4.033646835773037596e-16 5.359012666773461667e-15 6.078629169194432679e-15 -1.476308472999912595e-15 -4.758879437093767237e-16 4.998790262436628902e-15 8.056802108628294048e-16 3.171446560494479827e-15 -5.745689366978165951e-16 1.880766690895533187e-16 -2.492845153711820467e-15 -8.056262554912027036e-15 1.168873439705035374e-14 2.055353727440059863e-15 -5.629371282778644377e-16 -1.240718092497135608e-14 1.759680478886439195e-14 -7.171819060626472332e-15 4.244762931312895917e-15 -2.175266001624485509e-16 6.244307904631327705e-15 -1.728487743144916964e-14 -4.551963569362442679e-15
-4.787699900311727157e-16 -2.485895120370089573e-16 -1.024922240463251160e-15 -2.950384858812402195e-15 3.223181929174482399e-16 -1.159756434506559799e-15 7.968366740100763513e-16 -5.353462115546169659e-16 2.983702032822168404e-15 1.233192315490762207e-15 -6.242729010705033346e-16 -7.591548206138383476e-16 -3.365011286573033601e-15 2.338579916807227136e-18 -5.735930516643529977e-16 9.066102955314710486e-17 -3.631892594790937721e-16 1.634912577108979601e-16 -7.397626500063363088e-17 -3.998523111945371196e-16 5.873566127045183640e-16 3.296700354858135634e-16 -4.408559051795589184e-16 -6.662263255638681625e-16 -9.928595939456091048e-16 1.351840276840434030e-15 -2.465569199839073552e-16 -1.046457128634704599e-15 1.539593632437127760e-16 -5.328211455860985463e-16 5.248967472986458213e-16 1.964508662952298112e-17 1.494923209178591144e-15 -5.286034623580942163e-15 6.641819314977317332e-16 -1.226806635904821757e-16 4.890784132531969389e-16 1.322088711840562493e-17 1.934040163007648644e-16 4.076351620042370106e-17 -1.846255564447798311e-15 -4.746703178531972078e-16 -6.978515541757695358e-16 -1.286453491077845151e-16 -1.272232584912196078e-16 3.173347182795548708e-16 -1.282809115393637889e-16 9.740124796981928831e-17 9.858692568692488289e-16 1.154032596169413387e-15 6.705757160852995736e-16 1.426743388393608981e-15 5.011110707831263561e-16 1.758299450596068965e-16 2.092544450495033012e-16 1.552562751407210636e-16 6.064651228966833037e-17 1.383076476606333083e-16 -9.209535399463220680e-17 -1.397675199233168322e-16 1.925276909995421513e-16 -6.203492062380774102e-16 2.767254770496757821e-16 1.866111326503592623e-16 -5.539392776695265696e-17 -8.934882884427864154e-17 -3.676497500767470711e-17 -2.392802141630061188e-17 4.116351351393964380e-17 3.943879599883696339e-16 -1.320737537323356185e-15 -1.656271490043288516e-18 -3.564518548451252214e-16 -1.324947727090304476e-15 -1.940996773940277761e-15 1.735614312103406715e-15 2.102335465605917936e-15 -1.178450740133904518e-15 -5.997668062579504997e-16 -6.202368944330266990e-16 1.964408693838318839e-15 2.438856945161106904e-16 -6.550414215819347527e-16 -6.331568729907654450e-16 -4.083852581380856558e-16 -5.690355677262135879e-17 -5.616196363985517670e-15 6.046864113113476081e-15 -9.374270380257583108e-16 1.042033850345476102e-15 1.536409436379331492e-14 2.466055008636608338e-15 2.644797656357351082e-15 9.715760263720383874e-16 1.859967480394755057e-16 -4.948823319754997170e-15 2.158095988687750035e-15 3.404880564408971720e-15
-1.069441284859436469e-15 -1.124326380550658173e-15 -1.077785141562808192e-15 2.957875235950701562e-15 -8.817519903023250667e-17 -2.322235021380890910e-15 2.437469131845851198e-15 -2.375778113672026095e-15 1.233192315490762207e-15 2.324354347877519246e-14 -1.185427811389124669e-14 -1.893477193980950633e-16 -3.637264686260502210e-16 -2.114536642602428909e-15 -4.671966753481794253e-16 1.672686706872907814e-15 -7.878982245856789401e-15 1.229057776394252982e-15 1.097366137524574769e-16 2.117208935745709560e-15 -9.233511057735582895e-16 1.456325734160010672e-16 -1.349283291457463817e-15 -3.347330744032150466e-16 -8.782238646171678679e-16 4.054670743649154919e-16 1.753243096143919016e-15 6.462077229875178327e-16 -2.691951373995288646e-15 1.656634570288209138e-17 3.529762395305063806e-17 2.160192682936160271e-16 2.821331374580702860e-15 -5.305980873864462464e-15 2.027050087247104267e-15 -2.259409056319690081e-16 4.108843210661712441e-15 1.298709988464133924e-15 -3.037240015773461673e-16 9.317809209638957626e-17 -7.712153771689017274e-15 1.857434491104319548e-15 -3.257790081130217108e-16 5.867800010947833745e-16 -4.038668652656673156e-16 -4.491418774343035290e-18 -9.626036822122872227e-17 -3.363353393608489491e-15 3.342200585396759612e-15 1.220456240477700640e-15 -5.691268932908065399e-16 4.116687971381860974e-16 1.331890039061120062e-16 -3.425777488581501661e-17 1.108682575641253425e-15 1.216697675407051541e-16 3.323834437603835892e-16 3.197642279145189646e-16 -7.995325406712673413e-17 3.894494204886630467e-16 4.849518684818807527e-16 -5.391752583514683658e-17 1.936739393786619714e-16 6.998011740671247833e-16 1.988765071560035224e-16 1.192279476687706193e-16 -2.914947234217692428e-17 -7.571191072512481726e-17 -7.163232121400516725e-18 -9.315813000073125986e-18 2.507849520734789070e-14 -2.080057924349900665e-16 1.222741444220632801e-15 -1.121199842996453030e-15 1.968175679287131993e-15 -7.049962365533039079e-16 4.642917932837828791e-16 -3.525468154734401193e-15 -2.595555004956380752e-15 -2.203775594826732709e-15 -3.502268483308417051e-15 2.439132840871493037e-15 -2.716046337235506274e-15 4.740968250777225525e-16 -4.320674712646480029e-15 1.254299364755460027e-15 -3.956576128213637889e-15 1.373917725053796354e-14 -1.262653205800838705e-15 1.202445486099679822e-14 5.052543814181170229e-15 -3.746492613534012632e-15 3.347551338906081740e-15 -3.877170631280236579e-15 7.405588216473088707e-16 5.829553210324720045e-15 -1.691705775590919338e-16 8.044338920907654951e-15
4.460538249370646987e-16 2.000320233410723436e-15 1.095544364376152725e-16 -2.521833460661476403e-15 7.908368716769661523e-16 8.516328705054695984e-16 -1.434821450970459493e-15 -1.218748944949514407e-15 -6.242729010705033346e-16 -1.185427811389124669e-14 1.514081339155932180e-14 -6.555485224874610084e-18 -4.131992623202048574e-15 1.807319350420615575e-15 -1.097352722015988353e-15 -2.093851191556825750e-15 -1.207771293080299753e-15 -9.043147129931378917e-16 -4.739674672991035058e-16 -2.936813057334644431e-15 1.194256212461602684e-15 -3.908828039548936447e-16 2.424498177935998083e-15 -7.685559932553150297e-16 -2.499511458660393977e-16 -1.652050676074814671e-15 -7.910820206986319408e-16 -8.321985784759988805e-16 7.180938808760064590e-16 -8.448458877597521381e-16 5.149008571618471687e-16 -1.726191258313313199e-16 -1.421793202448159996e-15 -9.702923334565334971e-16 1.943522705652982455e-16 -1.053196986853962150e-15 -4.940094551061904540e-16 -6.076071195616295537e-16 2.308282848267009744e-16 5.457919914828006322e-17 -3.569710050620290174e-15 -7.701153672893004039e-16 -3.231020549389505861e-16 -3.697970007587245565e-16 6.380436262518213053e-17 3.016256813156153431e-18 2.930480156840276625e-15 3.257842156702264910e-15 -1.219232413210223753e-15 -3.439456629937362765e-15 9.227409863849266722e-16 7.242726708893244572e-16 -1.951978705903652695e-16 -1.762586534080299063e-16 1.527887954287659625e-15 2.268876806115848270e-16 -2.072671067354392565e-16 -5.387040501307889185e-18 8.207807855679374792e-17 -1.317267661843155097e-16 -1.128179857222024928e-17 -5.567802944564732519e-16 1.003861654228550615e-16 -3.712734805946799147e-16 -1.624294297910569637e-16 -9.421299918412237998e-17 -4.180697486610595845e-17 3.180488924592579728e-17 4.565765629079757057e-17 8.830974738992537688e-17 5.199067862957591669e-15 3.392806024234475232e-17 1.171330803759781971e-15 1.467258114450462690e-17 -2.114787859676728534e-15 1.895942754118214678e-16 -1.580540376229581689e-15 8.427784683298881999e-15 2.199586017770527068e-15 1.409282048267897441e-15 -3.184941155620627471e-15 -1.630880917320199686e-15 6.031923148502260631e-15 -3.736074940827436777e-16 7.900716138131873076e-16 -1.554908507770437423e-15 3.084565635269935526e-15 -9.370316435839593566e-15 8.857029090725870600e-16 -2.306802159342532890e-15 7.961694840387271660e-15 -4.876398803278686903e-15 2.129797125203314838e-15 -9.293311154951088776e-16 -4.641191955035279270e-16 -1.137172370335655448e-14 -3.487463250020445184e-15 1.235879965331416918e-15
-1.062561926721993330e-16 -3.921602589165745662e-15 -1.108536038306146807e-15 1.193724964315001402e-15 -3.560878270170744710e-16 9.164982640951991422e-16 1.316113675458406215e-15 1.359489501433810724e-15 -7.591548206138383476e-16 -1.893477193980950633e-16 -6.555485224874610084e-18 3.487180606218625509e-15 -7.227697340490357289e-16 2.106570055000078760e-17 8.444454001323652495e-17 1.731089293286304623e-15 2.950765999405612786e-16 -2.301765089170867770e-15 1.492094224095083537e-16 2.283618254325253483e-15 -4.611784062212806536e-16 -9.687809184596411746e-16 -2.414139969188380678e-16 -7.531733462919451724e-16 -2.322269900654832732e-16 2.909946930593295624e-15 -1.174658966296601790e-15 -3.595803453096870250e-16 -1.941543643998918279e-15 7.737986776570367781e-16 7.410262690026731484e-16 5.035978264518978412e-17 -1.819903616515255061e-15 1.742705855203186143e-16 -3.185538375223802981e-16 4.992528662088010033e-16 -1.439947755520154635e-15 -7.220464334053429921e-17 -5.833719422467867887e-16 4.658573440975703284e-17 3.107721132830921364e-15 3.260770097223530693e-16 -8.243876353664254988e-16 -1.531914549481734801e-16 -1.644436184060008322e-17 -2.813328989383180080e-16 3.352745253849368534e-16 2.807449781291960432e-16 1.342357017930716407e-15 1.698064027485279748e-15 3.214470815264004529e-16 -1.159449307426659269e-15 4.566594233075605716e-16 -8.620485803510436733e-18 -2.084993170194238268e-15 4.918304880354119588e-17 -6.698628361932321490e-17 -7.897262848114679817e-17 -2.788722493494460567e-16 -9.974739146676779226e-17 2.737079275293564654e-17 -2.400411324236685811e-16 1.790489870521676199e-17 -7.403089033813002116e-17 6.567610675353802654e-17 -1.013840170341823061e-16 3.812526013717880642e-17 -1.067752809773178246e-17 2.939399751603387813e-17 1.557713937609695957e-17 -1.142480189253436262e-14 -3.192290978469360734e-17 -3.410075776369766102e-16 -6.167892587392311072e-15 2.495114709081946921e-15 2.232991276390996255e-15 -2.043951066232360693e-15 1.246143347712245984e-14 1.969878903066255967e-15 -2.607883003859891517e-16 -1.900677704177237770e-15 8.883778400609839235e-16 -1.415370532063218035e-15 6.942345174868315619e-16 -9.497281133926774626e-16 5.858006573890498230e-16 -4.208121088076836032e-15 1.644296699814943801e-15 1.498279532707862134e-15 9.653574250977639680e-16 6.526992972611528997e-15 8.343154147380829483e-15 -1.542154918152757279e-15 -1.448951778371013356e-15 7.841581081051570682e-17 1.374717265232431438e-15 8.037312946833182090e-16 -5.217585669415051391e-15
6.545667115253602855e-16 3.332443694169664709e-14 5.387999688136502326e-15 6.335872149194473376e-15 6.248228803146426334e-16 4.708037374688689808e-15 -4.976088020575983957e-15 -6.913178008218743809e-15 -3.365011286573033601e-15 -3.637264686260502210e-16 -4.131992623202048574e-15 -7.227697340490357289e-16 1.506406645912139475e-13 -2.764175518899712173e-14 -7.966537115383729556e-15 7.357699485804596827e-15 5.090966431772375431e-15 6.552937767393807635e-16 3.553616394613864031e-16 4.951560955725845281e-15 7.402784864953890363e-16 -7.305219272964190746e-15 7.826618913349076985e-16 2.590792947185668808e-15 6.060956867784068766e-15 3.348649329114611919e-15 -3.608512633042774027e-15 3.735675321288362154e-15 -4.130634937950141514e-15 1.977693000814027785e-15 3.226179411026656717e-15 -1.874358160159852099e-16 -2.768711926392199029e-14 1.031296427106144417e-14 -1.013771108121482865e-14 -1.379833576933788505e-15 7.487175105158546453e-15 6.585674884886335488e-16 1.949559294337955781e-15 -4.970294002448935081e-16 1.613850375138967390e-14 -6.023665988976943896e-15 1.781339164983798397e-15 7.031859330775463052e-16 -5.492903053730060179e-16 1.120553615635703181e-14 -5.703727342299433868e-15 -7.650051837466948107e-15 4.028107600403027785e-15 2.148580771826866722e-14 -5.248128489862308885e-15 -1.828950103175690378e-15 5.357475059137043499e-15 -7.075485972532837377e-16 1.206442075368988148e-14 -1.025090946727175341e-15 -8.180183811724029314e-16 -7.753492806041799868e-16 9.714845570160962816e-16 8.748078888657906261e-17 -6.753822413749844912e-16 2.439370730751612375e-15 -3.469502018986377343e-16 -1.077230764739995009e-15 -4.174125456117929870e-16 4.061583030178169628e-16 2.193714062083179419e-16 2.034451592113118945e-18 -9.409431864305281112e-17 -1.364507703879852598e-15 -7.394114119177653022e-14 -1.528766805017864962e-16 -1.399489867241817473e-15 -4.664217259623661075e-16 8.438362793838437429e-15 -1.936183855663993625e-15 -4.088575057244496048e-14 -4.352639280961003404e-14 3.893969360070073491e-15 3.028379088246192881e-15 -2.256421870594451016e-15 -3.310496900642889510e-15 -1.280346816661491118e-14 3.441536249207854074e-15 -3.378750187496401900e-15 2.110322731138057369e-14 9.671483263422555997e-15 -2.370022488714747412e-14 -8.650277787451072305e-15 -2.518729117699898900e-15 3.534056762275611150e-15 -2.054357442465849525e-14 -4.026966497317570667e-15 2.469954841949615047e-15 1.475821369494794482e-15 4.128323150832882245e-14 -3.349597778909935043e-14 -2.509331190415994474e-14
-5.201378694715569163e-17 -4.056690165978819425e-15 -2.830087317998508710e-15 -1.002304127498372445e-14 6.629825771508453380e-17 -7.565064441355010498e-15 1.904935762363958689e-15 9.450137568043328153e-16 2.338579916807227136e-18 -2.114536642602428909e-15 1.807319350420615575e-15 2.106570055000078760e-17 -2.764175518899712173e-14 2.725478603565826458e-14 6.894366614755527141e-15 -1.890218876265498141e-15 4.884825679879410706e-16 1.287774633054190783e-16 3.020577606338029782e-16 -2.128151911057899679e-15 -1.646516732142503795e-15 5.539682123838949522e-15 1.450381039866763486e-15 -1.570550579453368248e-15 -5.398586020658007178e-16 -3.420901550256716785e-15 6.794496905395176350e-16 2.710566329593662535e-15 -1.430652471702791797e-15 1.754145555690883126e-15 -2.880884490975782252e-15 1.726971997098404296e-16 7.821616621275532169e-15 3.226602815653043804e-15 -1.378695324995112566e-15 -3.455376169942822229e-15 1.589052164396047598e-14 -2.867824132018123795e-16 -3.580354948416991033e-16 -4.914620804645005521e-16 1.450100454121550561e-14 -1.235592470952706108e-15 1.914283760866708195e-15 2.400682958049860952e-16 6.244264807585755633e-16 -3.662748603271636880e-16 -1.747038328751283270e-15 5.673587306772943242e-15 -2.304315748299902115e-15 -2.911016388218887738e-15 2.341762947912578469e-15 -1.123024283228958390e-14 -2.140261429381560593e-15 2.342534520888386751e-16 -9.803834160868031615e-15 -4.222489289822177279e-16 2.832749033437937479e-16 -1.648683838822256108e-16 -4.173033868628348559e-16 3.950239629905096521e-17 1.095430604205006463e-16 -9.656520476758708678e-16 2.818338862913039451e-16 -9.228235465901196497e-17 1.883197839616822064e-16 -7.368197953913832282e-17 -8.454491234537922428e-17 -3.169157994041176054e-17 -3.441654436583940193e-17 5.220785333816605923e-16 2.475674622260307582e-14 1.350412564850613873e-16 1.650727557863725176e-15 4.849359038548710259e-15 -6.858837306770828386e-15 -6.959693088838256838e-18 -2.806275774973515856e-15 1.116054065552346403e-14 3.734544089820821477e-15 -9.048406437357975545e-16 9.312727508293092572e-15 -1.868975724344647326e-15 4.436258999516973576e-15 1.297798454744946467e-15 6.473884936163899671e-15 -4.457497133983829690e-15 2.223490966258466637e-15 1.611876426517015026e-14 2.398186587476577387e-15 -1.087027353465146782e-14 -2.251562282282799131e-14 7.518832685795874128e-15 -1.202230787050041224e-14 9.042254936550787392e-15 -1.233146158263304999e-15 -1.645188257242019267e-14 4.843421630160622478e-14 1.599990041062504905e-15
-2.332726484613665513e-16 -3.563132068695965987e-15 -2.469760817920256155e-15 -3.755751390313935960e-15 -2.144441682496046758e-16 -2.958659577259815832e-15 1.305997412761823520e-15 1.152958348812040365e-15 -5.735930516643529977e-16 -4.671966753481794253e-16 -1.097352722015988353e-15 8.444454001323652495e-17 -7.966537115383729556e-15 6.894366614755527141e-15 1.671068627371917630e-14 -3.458798115581271035e-15 -2.543794885364325719e-16 -3.313168056870435759e-16 6.536809556419199121e-16 -8.677875619961322458e-16 -3.355072753993024776e-15 5.507793872607925639e-15 -6.271192590576822366e-16 -1.270721930120257423e-15 -4.720101717747811589e-16 -3.010617795642244403e-15 2.249689971887368731e-15 3.311539805327357753e-15 -1.260304143947688968e-15 2.375932869873829005e-15 -2.315182416361252306e-15 3.678393175007376857e-16 7.344566044693321714e-15 1.111731507193760476e-14 -1.710331073288203124e-15 -1.829819220348381450e-15 1.210270545538245221e-14 6.354755268886566029e-16 -1.969897451997322688e-18 -4.121959517399005311e-16 1.650559505396567628e-14 -1.263514802101044265e-15 3.017800719105909111e-15 3.839869513841105549e-16 -2.376577897694321822e-16 -2.256571851402001038e-15 -1.177737871474531973e-15 4.553043705931761134e-15 -3.125079571704010521e-15 -7.734045297511839201e-15 2.817832219769540076e-15 -4.739311649556880057e-15 -4.642918692645399644e-15 2.414937406497896310e-16 -1.104537670542300401e-14 -4.841919071740772227e-16 -4.842383655605032788e-17 -2.335322060734849941e-16 -3.188197876249610998e-16 3.896319889631537857e-16 4.644474987732253867e-16 -8.729430170401143956e-16 1.206925611506847869e-17 4.924124558643667392e-17 1.574855648447225975e-16 1.589030770819808477e-16 -5.893576473295529990e-17 -3.801934490945105125e-17 -6.900218464858884484e-17 -1.309620532250112059e-16 3.973816883158239779e-14 1.479372771173231284e-17 -4.734324607384811657e-15 1.001440309412802453e-14 1.407924269325257517e-15 -4.640352733876741014e-15 6.362059271493937699e-15 2.050253511456014669e-15 3.600340207581195883e-15 -2.075366793828150895e-15 2.905841534378639923e-15 5.821212661186015585e-16 4.052940577765074854e-15 6.338793292013704132e-16 1.375476440840366687e-15 -6.403476462751181122e-15 1.443258057359424456e-15 1.512705893717111039e-14 1.885462875414080533e-15 -4.072516252100148143e-15 -3.030822216981735866e-14 7.520008753458698243e-15 -1.479678697645424549e-14 8.183615907877636187e-15 -1.202357472541362284e-15 2.356688762516754880e-16 1.330378205968683309e-14 8.126828433523763418e-16
-1.232102095583456574e-15 -1.533735534946518155e-15 -1.499631247630120680e-15 2.366652152622422058e-15 -3.771053168607854620e-17 1.118854031640245636e-15 -2.239226770021326353e-16 9.241768812558248807e-16 9.066102955314710486e-17 1.672686706872907814e-15 -2.093851191556825750e-15 1.731089293286304623e-15 7.357699485804596827e-15 -1.890218876265498141e-15 -3.458798115581271035e-15 1.404853830095856422e-14 1.161811048595630618e-15 -2.273571084418923268e-15 -8.319428803039793304e-17 3.283682939021180606e-15 -8.711935172269714147e-16 -2.386801288826528201e-15 -5.906901207226111022e-16 -1.625713788579855376e-16 4.953210992133635883e-17 6.782969689808554413e-15 -7.055518396487498810e-16 1.258926432905937152e-16 -4.549031380676299361e-15 -6.953226186946443217e-17 2.155502236223466872e-15 1.335498231442224971e-16 -8.224985168807320059e-15 2.653593569116934452e-15 1.245404511978245878e-15 -3.977820548390013303e-16 1.916980729574279486e-15 1.145329923758233962e-15 2.000586553403187965e-16 5.985210166526730633e-17 4.115001225211735579e-15 2.769068588228136076e-16 -1.413029704850954061e-15 7.160895315953845561e-16 -3.005600334472649549e-16 -5.202066983980725020e-17 -6.675209512000058950e-15 -1.646691354150507733e-15 2.683299111697245873e-15 1.111708645805462011e-14 8.857567801484102591e-17 -1.871984348779103353e-15 2.918899500286178572e-17 8.808562669417325160e-17 7.364074873250727842e-16 2.715604713635239761e-17 -2.249728933973035008e-16 -3.110425784492418009e-17 -2.559711143844884610e-16 3.226365274968310341e-16 1.663907517228991526e-16 -3.157139683144156422e-16 3.316736565238297484e-16 -4.382375744429326613e-17 6.939815305065244218e-18 -2.687737520043587407e-17 1.100361463914993122e-16 -3.887598807037504701e-17 6.711619674789309276e-18 -1.794312477623821984e-16 1.101976878842746161e-14 -1.064272399351439508e-16 4.297580379651231816e-15 -7.484845437926670177e-15 -1.832249417754697104e-17 3.011048893128545132e-15 3.040525566694897766e-15 3.367417414408329345e-15 2.656332304214116546e-15 2.021122205797462685e-16 -8.010460583407411613e-15 -5.176904880376490847e-16 -5.948141700097234348e-16 1.283002477897435312e-15 -3.684878961991810898e-15 3.387338032974903233e-15 -1.294353511495784937e-14 5.945225973796645254e-15 2.117735784653043979e-16 3.886785750837192216e-15 1.997966499533471212e-14 6.799139787769882644e-15 3.199590558730941603e-15 -2.501964771869576741e-15 6.224278214648181020e-16 -2.072482127738707057e-15 -5.686269069371237795e-15 -5.730072934116999695e-16
