1.009332061326543369e-15 -3.089973234855774046e-16 -3.698610792943648439e-17 -1.795711467139478760e-16 8.295263480658141658e-17 4.090149564623410022e-16 -2.339170343866041974e-16 -7.832169105996880653e-17 -2.870648095053459982e-16 -1.137824917350142086e-16 3.518428385926164765e-16 4.542219796375605333e-18 -1.132359546805100521e-15 2.922591455871075556e-16 -4.429749772168945043e-16 -3.893569387109982131e-17 -1.752849306146624316e-16 -4.474113118499792966e-17 1.415149569065287621e-17 -7.350958049980703422e-17 -5.801005276864756276e-17 -1.167812241937350460e-16 -3.930706668438563124e-17 3.441719865465866213e-16 6.976772440466049282e-17 -1.785542992460507772e-16 -3.897037446436420139e-16 -2.816214626493917288e-16 -2.209793942614813913e-16 8.543346491264991971e-17 -2.533683142793751769e-17 -1.345829061179486328e-17 -1.687434230749383758e-16 1.070744329658882670e-15 -6.032444954685181941e-16 -1.263661584914148434e-16 7.900043479665286164e-16 -6.601784826082253935e-16 -4.264275613651497348e-16 -7.631552927008287215e-17 5.809410968247298180e-17 -2.766996266909693588e-16 -3.967779631698396130e-17 -5.577061197318084463e-16 -4.256560618659711343e-17 4.673627791359465082e-16 1.374327227956864894e-16 8.576344284074894002e-16 -5.711230421049447142e-16 1.436380854933859807e-16 3.746178656963416723e-16 3.259652388926100466e-17 8.646452124763613220e-17 -2.800745336430994180e-17 8.425175629668342530e-16 -4.121416340698247626e-17 -6.877253906166240737e-17 -2.779450349677665437e-17 2.721236306020089354e-17 -6.701235901004296603e-17 -4.580326307969553721e-17 -6.865971564694630314e-18 -3.422274199038050398e-19 -1.056229600115719367e-16 -1.318807715246001059e-17 2.241605755261284737e-17 -2.716718787636984321e-17 1.218287028596575562e-18 -1.868425181635503667e-17 -5.293634741988416311e-17 -7.082835542509498030e-15 2.112950550463437710e-17 6.253755270341091368e-17 -8.294485141204656173e-16 1.827813088582690146e-15 -4.848467062510599146e-16 4.389350622097608075e-16 2.574575003129739112e-16 4.704562099368301374e-16 7.549405053408586909e-17 -1.060254737906110975e-16 1.302541114328137558e-17 1.832422439790210487e-16 -4.941932034690471538e-16 -2.432483135362619995e-16 -1.115629979012965353e-16 -1.017815167721039144e-15 -1.587869645215335528e-15 1.410382410182132071e-16 -1.426877706517323705e-15 2.957710111329914048e-16 1.922865477031163053e-15 1.826283828415197244e-15 -4.080254489104493549e-16 3.095334070673247824e-16 -5.967171430092285809e-17 -4.044966184032036638e-16 -1.433965447359680925e-17
-3.089973234855774046e-16 6.846768553610909276e-14 3.361649097025610873e-15 4.539465463953080221e-15 -1.719530417998648722e-15 -4.663568863371310257e-15 3.350619945616836386e-15 -4.553815317137804736e-15 -1.063315968691923889e-15 6.136177962569848329e-15 8.650547308287898507e-16 1.795787627193617588e-16 -1.254136616261124596e-14 -9.185717120876550509e-16 5.184658413935652705e-15 -4.219164395747676556e-15 -1.298472828187447964e-16 1.288490967612500817e-15 9.540801885200895259e-16 1.595229133872689690e-14 1.212798071735349884e-15 2.201983614444535503e-15 5.289554127366850319e-15 -3.761020686020008589e-15 -1.157684280448836540e-15 -3.289418404624912422e-15 6.037473485441602148e-17 3.739327721549331474e-16 -1.351516726170038216e-15 3.531438314414176467e-15 -2.946117671771566887e-15 1.857344716085677228e-16 -1.212240032091648900e-14 -3.683875496447809909e-14 5.109411129849473629e-15 -1.749938417186726060e-15 -8.349201902118962944e-15 1.451230000758360108e-15 1.731810361149291617e-15 -9.786637667446979509e-16 -8.728836873039256073e-15 -4.262040682352802110e-15 3.256918730820780101e-16 6.045877742932096542e-16 -8.946150074327441270e-16 5.253851443864308217e-15 -6.302708378707190009e-15 -2.650626006205755760e-14 3.778464983861590251e-15 1.825863797557110531e-15 -4.102088359454022921e-15 4.337832200317873989e-15 5.396283180052182770e-15 -1.008649989712186868e-16 -3.129735845844658032e-15 -6.855843337028195094e-16 1.401221977574014882e-16 -5.067118384628940422e-16 -9.602531448514989063e-16 -1.114818660129087112e-15 -1.047400705965905073e-16 -3.088255788353978300e-16 2.075981217228425634e-18 -1.733208591111740168e-16 -8.235459127864376503e-16 1.230437822006595143e-16 2.369246482813593999e-17 -3.159739887748591706e-17 6.411573013413985509e-17 -3.732362670746830871e-16 -4.861931876002992779e-14 -1.528847439701391201e-16 -3.088862188344511359e-15 1.163203417699516397e-14 -1.040200574601294115e-14 -3.274180699626016584e-15 -7.069891315200402174e-14 -7.061590620675328516e-14 -5.473641359129336671e-15 2.168851685277057636e-15 3.166242716625501790e-15 -1.940677370967449047e-15 3.583552748643499953e-15 3.957424874943324714e-16 1.649366240330654938e-14 -1.104522687499453821e-16 2.273353849352127954e-14 2.170070797070042834e-14 -4.196303698033372223e-15 1.019463308541615252e-14 -2.058936284764384290e-14 -3.773567275909200374e-14 2.529557881141789006e-15 2.209738948209533922e-14 -5.574614984110910340e-15 3.195118846420696001e-14 -6.606547452442177702e-14 2.554655318663847156e-15
-3.698610792943648439e-17 3.361649097025610873e-15 6.084247517378174105e-15 3.092158576790450380e-15 -1.265103794946579616e-15 5.852935706960560928e-16 -3.383269540363654064e-17 -4.779029282952388463e-16 -3.205535529979431079e-16 -8.154555052313191500e-17 1.416698034007425513e-15 2.519898231211028406e-16 -1.761847342635001423e-15 -4.025608771129804075e-17 6.460675862019117346e-16 1.528768365547205706e-17 -3.585523259387746551e-16 5.362332560954609100e-16 6.914382417612307722e-17 5.345568312609883704e-16 2.307910074935801170e-16 -2.748583836047442198e-16 4.173925174254576285e-16 -3.988852628836161303e-16 -7.686854343420105338e-17 -1.440097681374818004e-15 4.609903484490329580e-16 5.045973950024962821e-16 -1.097989535626743116e-16 2.257507860263813295e-16 3.743219706588437491e-17 -1.163272938403921229e-16 -4.849516337861727663e-15 -3.743469886257611607e-15 2.807646133444999831e-15 9.084629743420434930e-16 -4.391017610857955401e-15 8.375549297372950172e-18 3.084779512736685975e-16 -2.726460822878331165e-16 7.738664826707055681e-15 -6.020794340634637582e-17 -1.157883735474905615e-15 -9.528934751448668890e-17 5.135366830110207065e-17 -3.896282373894931147e-15 -6.940524378910494067e-17 -3.103386787353717886e-15 -2.104005640016534566e-15 1.744284783534573665e-15 -2.433870090622476166e-15 1.030419640119745293e-15 1.752165958415314687e-15 9.132050554077643274e-17 1.290089561320078217e-16 -8.452016236817559748e-17 -1.374753797289586205e-16 -2.384806963972128388e-16 7.670915713926170733e-17 -1.774064892920585466e-16 -1.635524402933833064e-16 1.038540777635720800e-16 -3.364656478122772624e-16 -1.271112263851564606e-16 -1.560320684907140328e-16 -4.078855988789447740e-17 4.042144113341703093e-17 4.999969034819087691e-17 1.527677983140056667e-17 -3.215817569559551450e-16 -1.979668242059731524e-14 -1.250528766976891109e-17 2.235417342926956401e-15 3.440378582168083978e-15 -9.333000468274726008e-16 -2.669399112446611581e-15 -8.799943944295574869e-15 -7.168815557227271865e-15 2.817838440459451066e-15 -3.020323870009386491e-16 -4.022659939784860063e-15 1.612765922769262996e-15 -4.644599415472669169e-16 -1.991706591115583030e-15 3.180183615249878079e-15 -9.880880235856138212e-16 1.161311631382084931e-15 4.660034620075195868e-15 1.185378557985299546e-15 -4.368462033414739459e-15 -7.139775577654067921e-16 -2.827862665265518035e-15 -4.011344230018127477e-15 5.047942420772598832e-16 3.329460805454529251e-16 2.288564946467547282e-15 6.950926483537781790e-15 1.091784623856992730e-15
-1.795711467139478760e-16 4.539465463953080221e-15 3.092158576790450380e-15 6.982498417334703242e-14 -7.585881104364402065e-15 -1.294118410579017696e-15 -5.970042916064210184e-16 -8.564245075593928423e-16 -7.489503841879875818e-17 4.836248508847507268e-15 2.157060302919638044e-15 1.475668252996906733e-15 -3.746778867010768505e-15 -1.940431773735368735e-15 8.740979012810354173e-17 2.295428919685301006e-15 -5.937723134310093809e-15 9.224796053286175874e-16 8.457393078301217614e-16 8.992875788867567562e-15 -5.908718196731944932e-16 -1.031166893794250282e-15 1.181206129565132957e-15 -7.401602115022880145e-16 -1.824606897438232238e-15 5.873485440552141050e-15 -5.106506200907177337e-16 -3.578670965668505338e-16 -2.208528184352692244e-15 -4.969730689121957256e-16 -2.430303686147826435e-16 4.263823469746159226e-17 7.317491901669216425e-15 -2.137660535136696354e-14 3.651278944456817038e-15 1.944825858399003683e-15 -1.478543561708575287e-14 5.808376468331450295e-16 4.910759300328931603e-16 -4.120937316752113865e-16 1.432258156580679391e-14 -1.276729372519721775e-15 -5.830278946361682924e-16 3.625792705479399253e-16 -1.473296881247020588e-16 -2.811065568267031695e-15 4.380919953109739593e-15 -1.249674693220952124e-14 2.516597562234427566e-15 2.063662679225630076e-15 -3.218087932519314247e-15 3.671577246050108857e-15 2.518548146509087965e-16 -2.112278428482240115e-16 -1.245814765256853459e-14 -4.022847794699196179e-16 1.387978755919732241e-16 -5.294639588833847494e-16 1.008554355430457552e-16 -2.989112734748445541e-16 -8.114844169692354677e-16 -3.589673482279829588e-16 2.301134138766449945e-16 -3.716094908604373424e-16 -5.792158328609676966e-16 1.056113742354899153e-16 5.125830251575576221e-17 1.594287362715425242e-16 -1.438564070942078518e-17 7.576516807545456416e-16 8.168528621901925974e-15 3.631886008299460720e-17 -9.495778598410357818e-16 8.584942921271212758e-15 -9.415765556687449572e-15 -6.066003688800247173e-15 -3.086508958534993718e-14 7.539384927047761182e-15 -2.521278123931060501e-15 1.022121461410837166e-15 -4.267513108343549585e-14 3.327435046187460481e-15 -1.507503812704363574e-14 4.322754956299274401e-16 1.180567259576973845e-14 -5.822755165522396371e-15 8.193216260399917104e-15 1.612147199269022087e-14 -1.952455683324407931e-15 8.360990195846712187e-15 5.412229116391232086e-15 -1.602652056126343079e-14 -1.312366929307809961e-14 1.943416437906591635e-14 -1.944481438128456031e-15 7.504227380877265925e-15 -3.889214665152072397e-14 1.206790534540615071e-15
8.295263480658141658e-17 -1.719530417998648722e-15 -1.265103794946579616e-15 -7.585881104364402065e-15 3.133771649561635258e-15 -4.517398890331673811e-16 1.640613689807775330e-16 1.385851232430683090e-16 3.331543104102126139e-16 -8.782514959726441471e-16 -7.626640241008912639e-16 -8.236583240887677004e-16 2.513501085327578555e-15 1.559529766990410808e-15 -6.805589374880205090e-16 -2.789268239468565001e-16 8.202330209021045180e-16 8.912160792430484986e-17 -1.156640723214834853e-16 -1.490907618700098274e-15 1.383671668606230696e-16 -2.241565271623117324e-16 -2.597336574067822807e-18 -1.285963628808388706e-16 6.077766979481510820e-16 6.996942782060607384e-16 -3.309934906276759572e-16 1.723863027113176206e-16 7.473678350302646970e-16 -3.471439143795517563e-17 -3.869706675195105841e-16 4.750632628013839654e-17 -2.781824859520040678e-15 3.828587759672658781e-15 -7.396391156418944284e-16 -9.704344312068158454e-16 5.183365887384980140e-15 1.130014758785221229e-17 2.549631692774203483e-16 1.143057329464392947e-16 -1.240758811557510491e-15 3.146580607306852962e-16 6.438582272530892954e-16 -1.125764351615828950e-16 -1.874822989193620236e-16 2.291678372555350123e-15 -1.703765424953877580e-15 2.557308758773152044e-15 -1.022659316993007242e-15 -3.192291198917046062e-16 1.411944391939094082e-15 -7.396720817928069718e-16 -4.883023689869543253e-16 -8.381112113383724426e-17 1.282539331236776574e-15 1.368953737762803445e-16 1.099233553503135981e-16 1.417152669823604219e-16 -2.601689969808255706e-16 1.704259015752404130e-16 1.861857665246808961e-16 1.207211167438493239e-16 1.464507835249683859e-17 1.728748288293389017e-16 1.017353812030680476e-16 3.138956013015775609e-17 -3.385269016258759795e-17 -6.687068492057948320e-17 -1.150422697164878426e-17 -1.313389562663871268e-16 1.431552309345999973e-14 -5.366762526119252777e-18 1.219299750648403588e-15 -1.814712180614157265e-15 1.834583962903867596e-15 1.220350604751475574e-15 9.021811045943678380e-15 -1.188680757642390066e-15 -5.426335210984442016e-16 -6.043421911962591217e-16 7.144294315264019900e-15 -1.772622753080596199e-15 -7.555067706044514194e-17 3.746561164725436439e-16 -5.508518950666380797e-15 1.586276108738707971e-15 -2.970937878583767977e-15 -3.958240131791911134e-15 -1.699118314412170431e-15 1.926380010909484398e-15 2.255615257777396847e-15 4.620888404063708411e-15 7.440342266047014168e-15 -4.308684985597855911e-15 1.293076694897783746e-16 -1.852975002910895655e-15 -1.290381669015778649e-16 4.328494418580204837e-16
4.090149564623410022e-16 -4.663568863371310257e-15 5.852935706960560928e-16 -1.294118410579017696e-15 -4.517398890331673811e-16 2.117443966023000211e-14 -5.101196812954683968e-15 1.945310739682930292e-16 -9.749782167542729184e-17 -2.194574280261757558e-15 8.377071124040249988e-16 9.940467754085337469e-16 -8.736536264607822974e-16 1.053627594291997105e-15 7.493750315865595851e-16 -2.312512930705208168e-15 6.684597734545653400e-16 -1.055916578270242243e-15 2.844039976164231164e-16 -4.831714477146619657e-15 -8.227550715038326432e-16 2.398551777349825309e-15 -1.453704445741237297e-15 1.442538412862131191e-15 -1.301152744124764496e-15 2.203023756650580378e-15 -8.314689375236125530e-16 5.613686884880876562e-16 -2.372061134619990640e-15 -2.722893157725654628e-16 1.964023311534647326e-17 -2.282330485444429703e-16 -1.754920555195350384e-15 9.552347160187999378e-15 8.162986170325499433e-16 2.267542267918847422e-15 -4.562212964127879453e-15 -1.312139065313636136e-15 -1.461823264318306599e-15 -6.166711978989549657e-16 8.894482539799078369e-15 -2.035974488676488033e-15 -1.488418853323449542e-16 -5.087278574751808350e-16 7.227636920629550447e-16 -2.737244547549700162e-16 1.512830233028732966e-15 3.004702793515826033e-15 -2.748866376174794042e-15 -1.528107254536919515e-15 8.855572860203558186e-16 6.379212166668459333e-16 8.439042670376909136e-16 2.865116759977428809e-16 3.797421289759386231e-15 2.218918370349345544e-16 9.395573052376235601e-17 1.682430339629343344e-16 2.629906192835988252e-16 2.270696566289261041e-16 1.870890268318410887e-17 1.402488218260668607e-16 -8.109206409412783765e-17 8.307285134340255858e-18 2.139631077976079946e-16 -3.128394959183171838e-16 1.786816352347618960e-17 1.223518225016944717e-16 2.879497852839602838e-17 2.690353891099300364e-16 -1.708167309092265958e-14 6.774670394087313545e-17 -8.959417244589988018e-16 -1.062608419449762826e-14 5.805475894009608571e-15 -3.473343441706163181e-16 3.592431795452677924e-15 9.414502943641779231e-15 3.170167798629884292e-15 -5.180060501889609126e-16 -2.280977631278929967e-15 1.786182701273110738e-15 -2.834612950258644600e-15 -2.221550381807810753e-15 7.927885714024832346e-16 -4.094622808274803552e-15 -5.762453605601169330e-15 3.533746148973515514e-17 1.959141541019035370e-15 -1.083630836739604259e-14 -3.263335568793078216e-15 1.024862919754135524e-14 2.453670264051653748e-15 -7.309016790789657239e-15 2.913320011013009198e-15 3.853132698546391119e-15 -8.473686598286197773e-15 -1.518353264742928685e-15
-2.339170343866041974e-16 3.350619945616836386e-15 -3.383269540363654064e-17 -5.970042916064210184e-16 1.640613689807775330e-16 -5.101196812954683968e-15 9.227173402537905742e-15 -5.109357495148323518e-16 -5.096532026243263756e-16 1.200503851034233112e-15 1.070996864964401095e-15 -1.813818477100182735e-17 -1.083868110161632417e-15 2.960888446943792084e-15 7.038084837136843630e-16 -1.221856538643809245e-16 -1.150543231240679969e-15 2.016325014548466203e-16 3.129742750669116798e-16 1.171314052840351036e-15 -3.575269806495455204e-16 9.042537606539954349e-16 1.352933174580840924e-16 -5.251531970633129114e-16 -1.503598247354321488e-16 -7.144621973513775959e-16 2.392163556093456326e-16 2.005027067712228677e-16 -2.227875156254635849e-15 6.922452750577702761e-16 -4.259148575341080929e-16 1.035731638964316987e-16 2.284960465855046012e-16 -2.249062093452238657e-15 2.447777302130808956e-15 -6.288437553372490741e-16 -1.549400627477462419e-15 2.628213885509746785e-16 -5.557852303514109099e-17 -2.539708803361922564e-16 -1.163487637265478487e-15 -2.020929039392090188e-16 -5.407903270339699656e-16 4.044631102184669430e-16 9.550547474377701565e-18 -5.114108981360072695e-16 1.161091070934713698e-15 9.493483099058823294e-17 -2.811891150857726503e-16 2.759048166150239943e-17 -8.678879623440602046e-16 8.381685022566160418e-16 8.929444132791745462e-16 4.035209180151079460e-17 -1.502917436169076718e-15 9.548534171190082621e-17 3.027857733913862062e-17 -3.175673739575713732e-16 -1.705889587134058566e-17 -1.463757427907427493e-16 8.764971620424517379e-17 -7.373393826572430321e-17 -2.028994295044831189e-16 -1.197532098913691323e-16 1.699288826041600464e-16 -7.662006646724452586e-18 -1.591352987807302226e-17 3.106815836929231648e-17 1.996297887978423890e-17 -7.137842737571501405e-17 -1.237857672425276085e-14 -1.067817675593983876e-16 2.243103293545252436e-16 -2.334593848605812235e-15 1.081192675596946858e-15 -1.566628119289861616e-15 7.625999395102669831e-16 -6.542150881520785633e-15 9.644496598878374984e-17 -1.019300748540329972e-17 4.045699683840915929e-15 -7.635257663862090400e-16 -2.962278325467707340e-15 4.292326078580366004e-16 -2.179202374239974729e-16 -7.455740068101130080e-16 9.877552237557566860e-16 5.740595690173152824e-15 1.782115555585067236e-15 -2.230117972648641518e-15 -3.307469475928112779e-15 -6.222185180719723874e-15 -1.272269952465329437e-15 -2.714393975713090017e-15 -1.249970022626948942e-16 5.957853278228035164e-15 -1.266062068115318536e-14 1.069261439800903026e-15
-7.832169105996880653e-17 -4.553815317137804736e-15 -4.779029282952388463e-16 -8.564245075593928423e-16 1.385851232430683090e-16 1.945310739682930292e-16 -5.109357495148323518e-16 7.834410066991933960e-15 -2.785953043930182618e-16 -4.271649631297135789e-15 -2.104194331906605406e-15 -1.129596252071838238e-16 4.832610475348697191e-15 -2.267860533308666085e-15 -2.022627231710763200e-15 1.311172449864044277e-16 1.563866080734879178e-15 3.054128381518327572e-16 -1.086971523414352146e-16 -2.810166181548976472e-15 -2.594267244298864324e-16 -4.286090298254972665e-16 -2.110832224113763702e-15 5.237913065299342331e-16 1.935733325255621988e-16 2.724131568468249912e-16 1.014730198196864748e-16 -2.968087650857539733e-16 3.705705988244051587e-15 -1.288307201218363852e-15 7.683249664548695656e-16 -5.120686411592870646e-17 -1.657377245610490409e-15 5.480685933378644975e-15 -2.122430125038638145e-16 1.550027875344544913e-15 -4.269557016680842148e-15 -3.788878291896819557e-16 -3.322325004320974962e-16 1.052177055991620624e-16 3.926589662972000953e-15 1.652966269273899387e-16 4.503743945213306975e-16 -6.203138587015939777e-17 2.727164711028089744e-16 -5.187585280689695186e-16 -3.208299679561777854e-16 1.393708210388202640e-15 -4.144654536980401856e-16 -9.099425145407004221e-16 4.551974592624368902e-16 -8.409242807686345943e-16 -6.107612905153677135e-16 9.951444765978157175e-17 1.922143782725814018e-15 9.521404115629384536e-18 -3.145833867066583721e-16 3.011892422797182911e-16 2.104172331481648568e-16 3.168735262233705366e-16 7.700249363942975599e-17 2.046863720390486212e-16 1.309475161062512675e-16 -2.882594757298899855e-17 3.196664310057054340e-16 -7.016551274235754130e-17 3.969646640794914292e-17 1.867817863385347950e-17 -6.998617212342524764e-18 2.262434503642837133e-16 -5.517801251954699917e-15 5.249895188390044051e-17 -2.619047867532852722e-16 -1.324337625656265391e-15 -8.659039879703099979e-16 5.677795105071480439e-16 5.703544604226758879e-15 2.477960754822030613e-15 3.113286012690786875e-15 -3.985547433403160062e-16 -3.689527103779192340e-15 7.992408330062120375e-16 3.860623391522762450e-16 -6.864347722450596030e-16 -3.526413492105635622e-15 -2.838325055136660012e-16 -7.025237958498950062e-15 -1.941544366906102511e-15 1.574709462084574213e-15 -4.909364870944078434e-15 5.152641259286370211e-15 7.120590134237266937e-15 -4.069551076534206503e-15 -4.380028756014311561e-15 1.374434874731223494e-15 -4.176886739758798394e-15 1.082232585109958142e-14 -3.102089632214652693e-16
-2.870648095053459982e-16 -1.063315968691923889e-15 -3.205535529979431079e-16 -7.489503841879875818e-17 3.331543104102126139e-16 -9.749782167542729184e-17 -5.096532026243263756e-16 -2.785953043930182618e-16 2.055450865486502100e-15 5.620811812801099715e-16 -1.036582767478599651e-15 -8.627623198321838621e-16 1.297916946795879276e-15 -1.103603974615933109e-15 -5.739670820172371868e-17 3.401260491890754324e-16 4.818135265657860393e-16 3.800919076471839481e-17 -1.923193456636482745e-16 -4.798526869047101847e-16 2.075894014214844287e-16 -6.118755722084404641e-16 2.311539146364386649e-16 -4.877081256283157136e-16 -2.821195873995804841e-16 3.390000061607360845e-16 8.009011386978575760e-17 9.464512937733153660e-17 -8.644730373742671767e-16 1.602357392605360122e-17 1.974393751166768160e-16 2.624190007851856663e-17 -1.092074235378707114e-15 -1.549249048715672228e-16 -4.433729735073136491e-16 -6.363458296759901128e-16 2.506404906018137181e-15 1.070309223074422132e-16 1.994012854043246530e-16 1.682637779134735864e-16 -1.260728390431024104e-15 6.745292553995011257e-16 -5.591181096652416947e-16 9.119236411425401058e-17 -3.127858078294178280e-17 -1.069573908098691765e-16 2.351373043895245099e-16 -8.986118577264363245e-18 3.476487673992337320e-16 3.919332117925916496e-16 2.587757491809141479e-16 -6.815047725330966188e-16 -5.664175532687662403e-16 3.378594171863752959e-18 2.497148555973293059e-16 1.209861706899512511e-16 2.851620847342640590e-17 1.084485017341323101e-16 4.022964872030349394e-18 3.773492491958453574e-17 -5.279792836271962807e-17 -4.258122645201356005e-17 1.494040974735196639e-16 8.704784792658935101e-17 -1.557941439790912716e-17 -1.914773422050546069e-17 5.690076257688360007e-18 -2.518360035173099164e-17 -5.523088588930972026e-18 -1.064064778787735907e-16 5.801334715375100876e-15 8.263866063283259239e-18 3.270562167876747488e-16 1.088974580810885494e-15 -8.494338368063460064e-16 6.747460997502203892e-16 1.212376587336552964e-15 2.286788624991707179e-15 -1.979726850834724539e-16 3.961740113959615814e-17 -6.897261331255069161e-16 -2.976949461720304263e-16 7.815552443181426446e-16 3.150279144268930888e-16 -4.643303032270379139e-16 -1.959993680383061046e-16 5.792685671171218289e-16 9.353724644553611636e-16 -1.909144491018858111e-15 2.959902867823703266e-15 3.311110750116602852e-15 -2.345806593224781707e-16 8.954417587836809002e-16 1.866361869471545509e-15 -3.783256959004269638e-17 -2.285055385007480119e-15 7.569583819737009879e-15 -7.507705877276281438e-16
-1.137824917350142086e-16 6.136177962569848329e-15 -8.154555052313191500e-17 4.836248508847507268e-15 -8.782514959726441471e-16 -2.194574280261757558e-15 1.200503851034233112e-15 -4.271649631297135789e-15 5.620811812801099715e-16 2.297198679964841511e-14 -9.176654055484646745e-15 -5.133882562335367337e-16 -6.947462528724407013e-15 1.386816297209890877e-15 2.760417034371193586e-15 -8.459906757746387722e-16 -6.386499550909348388e-15 1.925180500034336912e-16 4.668539422687123559e-16 4.807022060429133416e-15 1.603928277656046476e-16 -4.783759077857473525e-16 1.830144049215543557e-15 -1.278975088805641145e-15 3.471816750436270129e-16 7.537568700312607004e-16 6.516511047160660060e-17 6.421828852045681866e-16 -3.102217439027065716e-15 9.260420821551541646e-16 -4.766891898164177783e-16 -4.276133605063725115e-17 -1.505547090445251545e-15 -1.050684393395752213e-14 -1.633193524072080248e-15 -1.675412992618256360e-15 3.389187980441762230e-15 1.436780554037568147e-15 2.057024111690612731e-16 -2.096883472721633757e-16 3.509842728733903545e-16 -6.221379243966284628e-16 -7.148505060683956185e-16 5.469367007972522863e-16 -7.841434989889611724e-16 2.608934990256917662e-15 4.116755403915887590e-16 -2.427911596791855492e-15 1.725673262859888106e-15 -2.717923717758206320e-15 8.499095932476714342e-16 2.413195885124039501e-15 1.246039354684881373e-15 -1.314527657941072900e-16 -7.607599988929894411e-15 -8.013173475128110526e-18 4.479585574537270456e-16 -2.337219964593530001e-16 -3.202279657392244464e-16 -4.111942093479205877e-16 -2.147073143541292377e-16 -2.506250562133107151e-16 -1.018741968547618109e-16 -1.084902136802366665e-16 5.262330065943233265e-17 1.340444086351929555e-16 -1.068580606450594919e-16 -1.567735332439233009e-17 -8.616405051476482534e-18 -1.407547775395553565e-16 -1.809780450841927098e-15 -3.208469865553335215e-17 -1.893843362224056663e-15 2.816431307160776060e-15 9.442795862586304422e-16 -2.478434629604671309e-15 -1.329952168967409957e-14 -2.655225672341253524e-15 -5.215163892133637034e-15 4.967985355243148961e-16 5.717321183544409010e-15 -7.881710014449488913e-16 -1.434808026195866884e-15 1.614798843836063089e-15 3.746508200510322541e-15 -5.379984764579007109e-17 6.896868259553110995e-15 8.048022256120814913e-15 -1.276333245981235860e-15 6.476665157078019438e-15 -2.948017767463821395e-15 -6.578446976062759710e-15 2.176077334748488797e-15 7.850550654036938509e-15 -2.496835315851712822e-15 6.098661759889859301e-15 -3.193363410693188707e-15 6.598220513632553466e-16
3.518428385926164765e-16 8.650547308287898507e-16 1.416698034007425513e-15 2.157060302919638044e-15 -7.626640241008912639e-16 8.377071124040249988e-16 1.070996864964401095e-15 -2.104194331906605406e-15 -1.036582767478599651e-15 -9.176654055484646745e-15 1.457160706264054057e-14 8.558970161598834973e-16 -3.408677147431608643e-15 3.609745774017789983e-15 -1.304583712808732461e-15 1.039120739286538495e-15 -3.627026788375177550e-15 -4.556039051217008602e-16 6.334316837637516824e-17 -1.412701937619479794e-15 -9.542906094460670593e-16 2.354436854754790702e-15 -7.301834397690863481e-16 5.494097096186022598e-16 -1.305765903069826835e-15 8.109688326469338781e-16 -7.674388386712440858e-16 -2.349556230679099144e-16 -1.656526469664781806e-15 -1.446692900484135984e-16 3.372294768528037267e-16 -7.084692902342408885e-17 9.731943729088491977e-16 4.893400303185455186e-15 2.572888533882546728e-15 9.323801279879366534e-16 -3.624633609801170007e-15 -1.064276398048537456e-15 -4.753446942373306493e-16 -3.712081760373512071e-16 1.382884262409821880e-15 -1.696413334728966996e-15 -8.257730440961670056e-16 -2.516507027987333700e-16 5.689487377291337574e-16 -3.307845906899579670e-15 2.211833734274912196e-15 -5.012715568857794629e-16 -5.534682147854113196e-16 2.564493657460323174e-15 -1.351358685083153801e-15 2.585779974774672914e-16 2.377218336053637242e-15 -5.530257595808688303e-17 3.845582959406781256e-15 -7.804557805873950602e-17 -1.994624713174862760e-16 -3.457831083861317469e-16 2.510965774942004452e-16 -8.629185847557247698e-17 -9.133828553195290387e-18 8.091386445432723557e-18 -1.612741728823345710e-16 -2.724811697924579223e-16 5.835538246356430825e-17 -8.829600970837544484e-17 6.293084271820823512e-17 5.342784489036940507e-17 3.735037428428765155e-17 1.324667593129740883e-16 -2.896256446629956728e-15 1.396393029002495918e-17 3.574417779824249990e-16 -5.325858603192199395e-15 4.412003265535695826e-15 4.029860622915488011e-18 4.325711201321071060e-15 -1.352709031188720518e-15 1.715434631491060219e-15 2.058330883650117883e-16 -3.043668739754585613e-15 7.444387597219505417e-16 -1.096127458097457009e-15 -1.330287228375552847e-15 2.072850560490319696e-15 -1.911316426508849438e-15 1.020754804808950110e-15 -5.029091727358589508e-15 3.428719298909709384e-15 -8.871130439553186982e-15 -1.705930007193546562e-15 -3.575503522554210104e-15 -1.834308609278262702e-16 -7.399902306257194787e-15 2.078414098544315992e-15 4.225993769896992098e-16 -9.505551705200569955e-15 8.226062740499220072e-16
4.542219796375605333e-18 1.795787627193617588e-16 2.519898231211028406e-16 1.475668252996906733e-15 -8.236583240887677004e-16 9.940467754085337469e-16 -1.813818477100182735e-17 -1.129596252071838238e-16 -8.627623198321838621e-16 -5.133882562335367337e-16 8.558970161598834973e-16 2.958929875305947637e-15 -1.539652952625276183e-15 -4.757288857635446282e-16 5.294890470055297822e-16 -2.282128241454911738e-16 -9.703315539581229768e-17 -1.331166357619004558e-15 3.214664954467228246e-16 -2.848136786402575813e-16 -7.335756176137970122e-16 7.403354336417926888e-16 -1.061106123917282597e-15 2.783114934956394013e-16 -7.410702991557753329e-16 2.614307873258623042e-16 -5.050957570221441669e-17 4.635098587170499336e-17 9.096251156408986962e-17 1.870909685638450938e-16 1.245272314812480462e-16 -3.749374670052903596e-17 1.114389823566701248e-15 8.735327064974324575e-16 9.810295144423352705e-16 1.543591485452300333e-15 -2.961168226267170424e-15 -3.800934785887015558e-16 -7.836783725524487418e-16 -1.613291907605047068e-16 1.611069004801368323e-15 6.514012707669899954e-17 -5.971378637050667453e-16 -6.673888963284143372e-17 4.679292018533026161e-16 -2.219707817333005967e-15 1.008817647259410955e-15 -1.855594689672512814e-16 -5.040459938256086768e-16 -5.883603078240450319e-16 -2.823683735313760137e-16 1.212961378535243407e-16 1.312013064234938865e-15 1.364007215278844609e-17 1.244165683839472257e-15 -9.092374952984046250e-17 -2.644583478310917039e-18 -7.351158194414875787e-17 1.540759731642314001e-16 -2.340859699910226427e-17 9.881197828309419515e-17 -1.419959014900953764e-16 -1.850571023253348780e-16 -9.364489282532947735e-17 -1.212500674354903523e-17 -1.346549633937123996e-16 2.394814940439503123e-17 5.914339887893368446e-17 2.244538710941747369e-17 1.128583649715067605e-16 -1.832487871846413191e-14 1.518274884774714059e-17 -5.913731611935422169e-16 -2.938851589124497050e-15 2.234447371309326019e-15 1.256170552311732929e-16 -4.934525029873759225e-16 -1.010975544457531244e-15 1.744444164938517011e-15 2.685171108357968909e-17 -2.936942593032766166e-15 9.585862234265798004e-16 -9.317888356122814060e-16 -7.061562381786765686e-16 1.196281087671907569e-15 -1.152778383216759476e-15 1.088268379623168568e-15 -1.124868660322839668e-15 2.877504424352975013e-15 -5.340469331799016922e-15 -3.108087307042520703e-15 -1.551750179527326170e-15 -3.290665901978714238e-15 -2.913785382750395500e-15 9.955644308067804139e-16 -1.480781564993577575e-15 2.589003083000689919e-15 1.235006900485348981e-16
-1.132359546805100521e-15 -1.254136616261124596e-14 -1.761847342635001423e-15 -3.746778867010768505e-15 2.513501085327578555e-15 -8.736536264607822974e-16 -1.083868110161632417e-15 4.832610475348697191e-15 1.297916946795879276e-15 -6.947462528724407013e-15 -3.408677147431608643e-15 -1.539652952625276183e-15 1.374122216554613100e-13 -3.001322829293523852e-14 -5.163242826119760587e-15 -1.450489687449655178e-15 2.621206958105350563e-15 5.926575732453694194e-16 -9.107482058622551293e-16 -9.475619270826982331e-17 1.958742178004076948e-15 -6.843257648696980384e-15 -4.789601688966580833e-16 -9.415909273290329498e-16 1.274791895361076829e-15 -1.421593559150109701e-15 5.843893015178702866e-16 7.659879467911346426e-16 -1.447046002985792423e-15 1.802831053839519303e-15 1.086065182639179513e-15 2.432746482009286590e-16 -1.669048267021462864e-15 -3.316667347278310386e-17 -7.582240253267425460e-15 -5.622804865508848109e-15 1.656492635359032905e-14 9.957135053861952596e-16 9.932208163081412635e-16 1.673226139535225321e-15 2.458872940221155499e-15 -4.474989006010654622e-15 3.352097575991951786e-15 6.352990702312836230e-16 -9.338902484780023672e-17 9.433515979181593330e-15 7.787571663893490194e-15 4.147551619313172653e-16 3.351010422740079874e-15 -6.005713706973722535e-15 -3.540336691458648592e-17 4.851185708355230565e-16 -5.624358760919271419e-15 -3.621041209200891541e-16 -5.522644054820434158e-15 -1.487154929263248896e-16 6.958298075969605885e-17 1.123038053885886771e-15 -4.836948973786095735e-16 5.704423520570017743e-16 -3.095299642759028781e-16 7.582697510663580513e-16 5.338222333229617421e-16 3.426989477291885668e-16 7.800224919500170698e-16 3.237546541964280075e-16 -1.121750749403182399e-16 -4.581977180665468340e-17 -3.062918676149335849e-17 3.099793084990431180e-16 3.351970846592746692e-14 -1.324444156956824373e-16 7.244737786705918674e-15 7.223273500230830650e-15 -1.134016344881000591e-14 4.114147364691630808e-15 -8.965527217895471819e-16 2.718658577616248973e-14 -1.251506452798578276e-14 4.246195802438635909e-15 1.906685338549840742e-14 -6.665972106430298835e-15 3.139261187389730497e-15 3.646546961572127816e-15 -6.452423699889848355e-15 6.135423994126481582e-16 -2.291257300474640818e-15 1.138493589796399015e-14 -1.409927334912683296e-14 3.018208373368870026e-14 2.362056811698940376e-14 -1.449458133039365767e-14 -1.173928934381451405e-14 1.644881803422749779e-14 -3.799961462263927513e-15 -1.347885955766708583e-14 -3.152826855700681098e-14 6.029363260001748930e-15
2.922591455871075556e-16 -9.185717120876550509e-16 -4.025608771129804075e-17 -1.940431773735368735e-15 1.559529766990410808e-15 1.053627594291997105e-15 2.960888446943792084e-15 -2.267860533308666085e-15 -1.103603974615933109e-15 1.386816297209890877e-15 3.609745774017789983e-15 -4.757288857635446282e-16 -3.001322829293523852e-14 3.092905692411125893e-14 -8.837486807741380531e-16 -5.830910921143195680e-16 -1.088223035039093981e-15 8.848983290362257029e-16 3.129884005809449048e-16 -2.601574121800736571e-15 -1.874108186098273775e-15 3.211115268504166751e-15 -7.359001869070327350e-16 1.533680013712708526e-16 -2.013572579507980727e-16 4.235842705975669600e-15 -1.156884310702328178e-15 4.638265532722801483e-16 -9.900795032032967109e-16 -3.939457920413853984e-16 -5.050224811028942213e-16 4.950688011914209715e-17 -6.057011879799934464e-15 5.349622646101199988e-15 3.993636972546785860e-15 -4.024016208042088304e-16 2.933645722794779407e-15 -1.571400998924191998e-16 1.664202769535333463e-16 -7.116466836235821237e-16 1.631409696551802674e-15 6.232785742859058307e-17 -3.437890738653150268e-16 1.701426424957656730e-16 -3.170516748136014754e-16 -1.883032200521643099e-15 -3.512022166732664867e-16 3.852002704947501881e-15 -3.953771844913966844e-15 -1.309009214415876788e-15 3.794176567957296240e-15 8.262597399471103150e-16 2.288543495592554122e-15 -5.842904084911355402e-17 3.877341902813664593e-17 4.215777231368405112e-16 1.754584431257847486e-16 -6.160612785181851988e-16 -4.054564029297082061e-17 -1.736382069025576969e-16 5.656132973919875206e-16 -1.489388538385924024e-16 -2.447691916198052515e-16 -9.015237240985089849e-17 2.848579137069357273e-16 -6.368333244460984598e-17 -3.545487435008108499e-17 2.905763027537501565e-17 3.694669660319799186e-18 3.701819775388730154e-16 1.638571492389247801e-14 1.290392224977823136e-17 -2.566047423092778903e-15 -1.456712532910376543e-14 1.126508471126125800e-14 -6.618821484991030126e-16 1.725475559790288701e-14 -8.730940466063501002e-15 1.779377792411930520e-15 -1.843472221836489438e-15 -7.966557969943502466e-17 4.587694888690733781e-16 -9.079064973467093720e-16 -1.300316390606099440e-15 -3.707959389089543797e-15 -2.015651727985844059e-15 -6.424643493134484740e-15 -6.520077123907646713e-15 5.353274795225957608e-15 -1.437527018800085188e-14 -1.206125817986650443e-14 9.498253219780371147e-15 1.246618343218729705e-14 -1.882679754114228579e-14 1.635218339015457293e-15 7.069778118206745432e-15 -1.805277546764583069e-14 4.649562369054058873e-15
-4.429749772168945043e-16 5.184658413935652705e-15 6.460675862019117346e-16 8.740979012810354173e-17 -6.805589374880205090e-16 7.493750315865595851e-16 7.038084837136843630e-16 -2.022627231710763200e-15 -5.739670820172371868e-17 2.760417034371193586e-15 -1.304583712808732461e-15 5.294890470055297822e-16 -5.163242826119760587e-15 -8.837486807741380531e-16 1.192985082903888129e-14 -4.069990294224132068e-15 -3.557389540581659899e-17 -4.264638255782006622e-16 4.575816111739762303e-16 5.088031588505987845e-15 7.865797935780042787e-17 -8.840708405220002390e-16 1.883090204821624704e-15 -7.846407587217484528e-16 3.079812249716066315e-16 -1.402567902741658085e-15 8.898423463042880774e-16 1.632738868835703365e-16 -1.109059665336049599e-15 7.486339911025416525e-16 -8.565339910361120090e-16 3.146143366145810534e-18 4.119376977790399368e-16 -8.508144705477032256e-15 1.959627710359279523e-16 -9.452638907127145193e-16 -3.368013091700729198e-15 1.363241629179472387e-15 1.009012362271006666e-15 -1.883415880613564817e-16 -5.268126201425131428e-15 -1.303599527799909147e-15 -2.771541825593727911e-16 7.317156094024479099e-16 -6.062377359117245906e-16 3.712853650759178147e-15 -3.214826695571680026e-15 -3.091089834798175394e-15 1.230454260562897939e-15 2.751918975595990472e-15 -1.547228475328727980e-15 1.558723221579726529e-15 -1.596309537714119119e-15 -7.258478717800019330e-17 -2.002051921981878830e-15 -2.873077423050564867e-16 2.309536310249134714e-17 -2.063386919226607622e-16 -3.067828192605560166e-16 -2.574612900754574162e-16 -4.272763169824407949e-17 -6.904264737943804303e-17 -1.728307291498308040e-16 1.891904157824349408e-16 -4.409572211213024984e-16 1.722091862232966545e-16 -3.291462171389668239e-17 -5.332789767802617093e-17 -3.858574298181861901e-17 -9.501141787406300657e-17 -1.334731277395802976e-14 5.042130993914500302e-18 3.468319597576124284e-15 8.921577365326390204e-15 -7.397973481309948451e-15 1.799010082352170626e-15 -4.391612863394424950e-15 -5.226208653929982384e-15 -1.779925816977107175e-15 5.703476499165587729e-17 -4.837174650330342032e-16 -4.633783134514600828e-16 3.798455004858032559e-15 1.778894206308275750e-15 1.136067757597547136e-15 2.861765247686428761e-15 7.768228373046550751e-15 4.690546255795770734e-17 -2.383226183130231796e-15 1.047452974428322153e-14 -6.837017073114974809e-15 -9.613702414048892062e-15 -3.517672704240678121e-15 1.037187859001311904e-14 -2.973567764858731506e-15 3.601019566452996164e-15 -9.977088068660393614e-15 -1.019673778015465747e-15
