1.001132331310335961e-15 -2.834030833312106734e-16 -3.175670048956376199e-17 -1.268824111516193693e-16 7.531462424591961766e-17 3.825744788947519870e-16 -2.225344977970053103e-16 -8.532028674073419424e-17 -2.848369644510786964e-16 -1.000733031629338448e-16 3.467236490340166735e-16 4.760332803193113289e-18 -1.166363426866629356e-15 2.653340059899299962e-16 -4.302774214861616179e-16 -4.029790723079485334e-17 -1.562979193977517104e-16 -4.783495825689450492e-17 1.450524255860051435e-17 -7.300083232612914097e-17 -6.248604930713484072e-17 -1.169175195404695531e-16 -3.450126963063723499e-17 3.373753239178285063e-16 6.970678424119631218e-17 -1.729429894903169050e-16 -3.865081076213213234e-16 -2.793971069232297157e-16 -1.844825684818366680e-16 8.984370710551421080e-17 -2.932176025515965299e-17 -1.431897645378651187e-17 -1.478928792729061367e-16 1.054360209080687139e-15 -5.895373489738969624e-16 -1.145399363382565453e-16 7.460689080926096786e-16 -6.560935699435012157e-16 -4.228536988496274454e-16 -7.518457985741672890e-17 8.633631004848028511e-17 -2.739542273267747956e-16 -4.492630033693820003e-17 -5.549741004881284663e-16 -4.157137413075867562e-17 4.923074933339116318e-16 1.631313934278848907e-16 8.433842791227920262e-16 -5.684417324110400639e-16 1.629693723385241447e-16 3.627579130163142775e-16 5.303953091140083221e-17 9.817747428680707498e-17 -2.653951530481320680e-17 8.715179409854621865e-16 -4.292698365979713541e-17 -6.769668318436466860e-17 -3.073689048747975221e-17 2.908192588541360447e-17 -6.604069828919782960e-17 -4.762899533478029067e-17 -5.833866530882787018e-18 -2.612078079772537242e-18 -1.056857432528228548e-16 -1.301222097929956391e-17 2.229472406954171525e-17 -2.650552885281690627e-17 1.264324693460994179e-18 -1.851611079634310700e-17 -5.171916676652232673e-17 -6.933422670889476243e-15 2.088323081446012330e-17 4.747323588434550516e-17 -8.466397450399514012e-16 1.862507298633642089e-15 -4.939610290869986730e-16 4.707097864699587269e-16 2.294301421130411810e-16 4.651149633601566475e-16 7.439769443527494581e-17 -1.676953648138593600e-16 1.470858974059208073e-17 1.631900754823558848e-16 -4.868867061319208451e-16 -2.638273332967172466e-16 -1.061906620624723849e-16 -9.282364230706175319e-16 -1.520013000529549185e-15 1.536048316294016308e-16 -1.432622288575571196e-15 3.058630466911908711e-16 1.819789481656846560e-15 1.745745692188027604e-15 -3.956257760089713431e-16 3.090809103614922253e-16 -3.621915192830752068e-17 -4.201104975090589789e-16 -5.514819465583820813e-16
-2.834030833312106734e-16 6.839463751613878210e-14 3.308050787419200566e-15 4.578731664923670460e-15 -1.753877958633087842e-15 -4.350031891439992869e-15 3.406727077937464959e-15 -4.628624484850259846e-15 -1.067623633342850662e-15 5.970159409740371748e-15 1.078200125264566025e-15 2.468943587003005389e-16 -1.292320889043901669e-14 -1.294830984431938501e-15 4.897708930666173173e-15 -4.141686307767333848e-15 -4.131949731297449558e-16 1.294898970117061029e-15 9.454202755422894498e-16 1.599336475756910613e-14 1.247406860059543875e-15 2.206711844026974765e-15 5.292133774182383124e-15 -3.677849023911337019e-15 -1.358709564713344733e-15 -3.744526106335479231e-15 1.686401797484068482e-16 3.707884531922126142e-16 -1.757274252427231998e-15 3.537670585454830818e-15 -2.909813764712417164e-15 1.951506141521909100e-16 -1.230050963669857771e-14 -3.612681940851544868e-14 4.698963617998612824e-15 -1.783864330811843351e-15 -8.281518055857396423e-15 1.439766759795445917e-15 1.695509663456045652e-15 -1.021469674807250387e-15 -8.816220473192446939e-15 -4.174276306405599001e-15 3.269375444827896010e-16 6.000984121247259683e-16 -9.301514285924945298e-16 4.373219644437000778e-15 -5.701375352463176774e-15 -2.644115190288704453e-14 3.723311475870927565e-15 1.675663554031978772e-15 -4.129066291435861484e-15 4.105348355882519049e-15 5.419869539562004245e-15 -9.108752417449393597e-17 -3.370502707750571951e-15 -6.965159332221071685e-16 1.433227820413785025e-16 -5.098037969349951671e-16 -9.375371430525589693e-16 -1.119657592958954319e-15 -6.926398056007800576e-17 -3.304316473035863809e-16 -3.999044495729419014e-20 -1.738059382148486192e-16 -8.334306944293615776e-16 1.211672101449290711e-16 2.629943849671378818e-17 -3.254023762426950626e-17 6.541374910954346357e-17 -3.627976058653198539e-16 -4.987528234166072746e-14 -1.507690860204962278e-16 -3.097175684774890610e-15 1.133437946345825842e-14 -1.039114409116807060e-14 -3.056097403870606158e-15 -7.015382503913397154e-14 -7.029522367172717401e-14 -5.477330155376776706e-15 2.140688480616330280e-15 3.129212205914621719e-15 -1.861064308402109309e-15 3.737996141552801993e-15 3.708049076431867191e-16 1.710204729217785246e-14 -3.129826040826809691e-16 2.297961334952483642e-14 2.157951083984953043e-14 -3.544295507288272539e-15 1.020387896003101707e-14 -2.151345227558916445e-14 -3.760459291278705210e-14 2.571274352238390921e-15 2.246802388487341256e-14 -5.544009627129978877e-15 3.155132918239692469e-14 -6.398974909940923616e-14 8.347996603206343871e-15
-3.175670048956376199e-17 3.308050787419200566e-15 6.106003052925639429e-15 3.077237810379932259e-15 -1.264604234792269757e-15 6.337275676046377539e-16 -6.378453182468633617e-18 -5.105154564589534671e-16 -3.217208165950113545e-16 -1.012094576178572573e-16 1.474617031296097314e-15 2.454390069997633140e-16 -2.120919494353395418e-15 -7.674388624894574264e-17 5.171381918690575976e-16 4.245231100793916032e-17 -4.599480845023608626e-16 5.519589277957496681e-16 7.235039722254419388e-17 5.345583739507348770e-16 2.362153312818858298e-16 -2.759367501831454449e-16 4.500026759622440786e-16 -3.726056291021118637e-16 -1.421918828217706740e-16 -1.545230338095639686e-15 4.853212005421791169e-16 5.059031428910057341e-16 -2.334505104629388648e-16 2.227863292773315627e-16 7.231269150394427904e-17 -1.142411169913362312e-16 -4.916369631016949703e-15 -3.578753383371946700e-15 2.675446834046774301e-15 8.950127448816943540e-16 -4.347038263652289565e-15 -2.263436195161803244e-18 2.971668642843272700e-16 -2.962120423908452793e-16 7.870080938576577913e-15 -1.417948485347172801e-17 -1.166614259773167051e-15 -1.016787239286272998e-16 4.897730710155085647e-17 -4.334244714032383942e-15 2.076398009063808119e-16 -3.058714105510754707e-15 -2.155054384467755332e-15 1.707228677241261883e-15 -2.458722668690743093e-15 9.731567787595359564e-16 1.740144977751287897e-15 9.971552236518671707e-17 2.128727424645745815e-17 -9.084108665990142219e-17 -1.340077830776132113e-16 -2.435150910693691515e-16 8.299403674160023771e-17 -1.767380246539314531e-16 -1.547373929980237673e-16 9.647556565043828817e-17 -3.412507129786933632e-16 -1.320500275353920384e-16 -1.594195036413033496e-16 -4.018981291212457438e-17 4.060246941526412810e-17 4.981171868689115321e-17 1.613964410156331482e-17 -3.155613095303655192e-16 -1.971342881995059833e-14 -1.100884642555321416e-17 2.157241160689276005e-15 3.288811097084884125e-15 -8.731256543083696955e-16 -2.633924916396110957e-15 -8.766238527162814917e-15 -6.981783081346710857e-15 2.807444842493430401e-15 -3.130300225721522518e-16 -3.962042241364890665e-15 1.628509344964053610e-15 -4.476555449930312760e-16 -2.023079630359585478e-15 3.428148101417865310e-15 -1.088450807209897210e-15 1.423646010573773146e-15 4.575743062972518531e-15 1.449630144904552981e-15 -4.411534958181575441e-15 -9.581611081424542092e-16 -2.648243292633896926e-15 -3.823978282279160145e-15 5.644424866620748092e-16 3.492798993646644392e-16 2.120683694977887148e-15 7.877567027999262251e-15 2.846563320524237954e-15
-1.268824111516193693e-16 4.578731664923670460e-15 3.077237810379932259e-15 6.916637649558371943e-14 -7.573475327775879457e-15 -9.776276735689498125e-16 -6.150726238393801835e-16 -8.921605610354666965e-16 -4.917516867013888927e-17 4.764760033106470087e-15 2.225981173399852569e-15 1.486461014942627442e-15 -3.877495005364552847e-15 -1.924862632385577503e-15 -4.133598920994580524e-17 2.296371635890671669e-15 -6.296931901529276285e-15 9.548620207158874555e-16 8.232899397896399093e-16 8.919886652627610169e-15 -4.755963742759130940e-16 -1.048826015400233760e-15 1.039376407062854106e-15 -6.400234673602780033e-16 -1.949951070141205971e-15 5.632829366012006562e-15 -4.893293247096088907e-16 -3.981057581366896849e-16 -3.207016251230865666e-15 -5.362498832632062692e-16 -4.184870073866225748e-17 5.144462524476070183e-17 6.883138831631404067e-15 -2.065004383542349986e-14 3.208309760260805212e-15 1.891999280733848615e-15 -1.459749665861564857e-14 5.487784767141695959e-16 4.589688065940526703e-16 -4.743429640917203362e-16 1.438085729188284339e-14 -1.203484651675541879e-15 -5.701577976913612687e-16 3.367787616941481626e-16 -1.702273881829971120e-16 -4.287910493749499077e-15 4.832113167806968816e-15 -1.228472215986682230e-14 2.458418026825483083e-15 1.611267788853637640e-15 -3.117614990897226410e-15 3.476270568124712637e-15 2.196158257632186308e-16 -1.982844066281657529e-16 -1.276693021511696453e-14 -4.260477345841373842e-16 1.334589630765935400e-16 -5.333181426256027248e-16 1.029430138254852023e-16 -3.138186853972291136e-16 -7.850720533920520766e-16 -3.621806367279500499e-16 2.150577302602587242e-16 -3.681828268244713715e-16 -6.035058440572355643e-16 1.099927511317677326e-16 5.276396266971887049e-17 1.592250390667883778e-16 -1.558864058143236392e-17 7.251558018456768571e-16 7.239820919529857837e-15 3.535912798644582610e-17 -9.911015177446143234e-16 8.140864012526293506e-15 -9.217870690847161583e-15 -5.834157486371561477e-15 -3.024845253429173447e-14 7.464257058458656572e-15 -2.385616120004468708e-15 9.860264664415697588e-16 -4.201416850664247977e-14 3.397578690078670060e-15 -1.491905039766137929e-14 3.670260539005378244e-16 1.237013954961075903e-14 -6.251675390106396721e-15 7.522869683864632695e-15 1.519650640391317484e-14 -2.044078861488675274e-15 8.570623031967404768e-15 3.621140026544018816e-15 -1.575669653223283970e-14 -1.210413285995066227e-14 1.942500880250971511e-14 -1.951902618712092223e-15 7.076634253158716605e-15 -3.679634774730054447e-14 1.395516612650209197e-14
7.531462424591961766e-17 -1.753877958633087842e-15 -1.264604234792269757e-15 -7.573475327775879457e-15 3.138170351425800026e-15 -5.349518706612557551e-16 1.908664951161983715e-16 1.084939602830405843e-16 3.204579592336390420e-16 -8.702276043211019462e-16 -7.543649196809392871e-16 -8.229965373466259100e-16 2.299333862573700047e-15 1.493843186547051738e-15 -7.028618370401787082e-16 -2.675431823388175966e-16 8.920112536617904062e-16 8.283828056807867645e-17 -1.151320756717121078e-16 -1.496129809956193322e-15 1.051731772833493348e-16 -2.217210992131910510e-16 7.295132335949187764e-17 -1.343442131345056610e-16 6.159211220861851175e-16 7.557550592515895943e-16 -3.519603892560075631e-16 2.046182911392838619e-16 1.105408003848759779e-15 -3.850982076358452383e-17 -4.399700111592205752e-16 4.597367596924577996e-17 -2.742041630154952776e-15 3.786309793215714000e-15 -6.814249532353027055e-16 -9.524140562620771528e-16 5.117954821618993620e-15 1.588056364399079661e-17 2.559626266912728578e-16 1.193985706916753752e-16 -1.280216084606544224e-15 3.456967739986372386e-16 6.400110983775415127e-16 -1.056752167958009134e-16 -1.895159430469873627e-16 2.611932391803859623e-15 -1.746978192013151899e-15 2.562480570185411969e-15 -1.033103485046033907e-15 -1.862771201108367987e-16 1.393364164056276494e-15 -6.691819285546065564e-16 -4.886424564551833523e-16 -8.468427736633202738e-17 1.302536908573511724e-15 1.427290693863929254e-16 1.127553378397881368e-16 1.394354133775476965e-16 -2.553915792912436855e-16 1.752073782843754126e-16 1.854051856245701382e-16 1.235024743664067492e-16 1.576168033082930827e-17 1.765766945615399221e-16 1.110275082518361444e-16 3.150713860973826620e-17 -3.417047854084299970e-17 -6.714128974190001508e-17 -1.125405122750046247e-17 -1.274135807646888561e-16 1.443960299177650849e-14 -6.332335228261234398e-18 1.208039661899626428e-15 -1.871007142249227950e-15 1.847687105443356772e-15 1.227151576181908035e-15 9.080368398502040669e-15 -1.269461082922210510e-15 -5.775987696514644718e-16 -6.166831100544137776e-16 7.111800215223179079e-15 -1.764873824155150010e-15 -6.917960079606661468e-17 3.747830488209595582e-16 -5.614303611768612618e-15 1.670409400013357160e-15 -2.478682921527262860e-15 -3.848062810213695263e-15 -1.455730371898157330e-15 1.839441667060053322e-15 2.766218208255299350e-15 4.747132007817830010e-15 7.249784895892533741e-15 -4.337070154161809314e-15 1.673818186352001423e-16 -1.745149203634544993e-15 -2.944618190047953910e-16 -3.713803055466566222e-15
3.825744788947519870e-16 -4.350031891439992869e-15 6.337275676046377539e-16 -9.776276735689498125e-16 -5.349518706612557551e-16 2.126834699616659503e-14 -5.179532800636926554e-15 3.353725789509758186e-16 -9.561620485074715347e-17 -2.235883212147014889e-15 6.939972498675342188e-16 1.068798386101278841e-15 -5.124004804979488394e-16 1.130633261189399900e-15 8.828566415764411204e-16 -2.306474145448959111e-15 7.570378190554111177e-16 -1.089853085947654450e-15 3.109260945968945118e-16 -4.699104074479322054e-15 -8.329866706186730994e-16 2.444920867322054810e-15 -1.526345345276541395e-15 1.412778350743956728e-15 -1.293375297157772402e-15 2.162975552025453137e-15 -7.703143223606587637e-16 4.330208591667762954e-16 -2.512372541966654075e-15 -2.417818642543698219e-16 5.596257816320802069e-19 -2.280317162321955241e-16 -1.714868841960658568e-15 9.214742967741982473e-15 9.043130697326279570e-16 2.347003538061163137e-15 -4.698842875992156595e-15 -1.314016955651337164e-15 -1.464693403145161530e-15 -6.129868734710828423e-16 9.051097124117850392e-15 -2.151475232004903082e-15 -1.808722666032165426e-16 -5.107821254933816157e-16 7.540461103136527783e-16 -3.960343009210719350e-16 1.516931201443263191e-15 2.669248079736636900e-15 -2.669343215021058954e-15 -1.643847384393986951e-15 9.163805310201259478e-16 4.967560280133110370e-16 9.233327931546035313e-16 2.898556708406235233e-16 3.773259882525742626e-15 2.061434942142882964e-16 8.602761038832460861e-17 1.603292585694902537e-16 2.719973280682452248e-16 2.195146058173119384e-16 1.317922556286485923e-17 1.297696369877558116e-16 -9.468191996042758565e-17 5.655606862881925807e-19 2.022435791155731370e-16 -3.225145234331123188e-16 2.219118384414279839e-17 1.225856679558301368e-16 3.133735722017743762e-17 2.753086820974444490e-16 -1.759178115431157001e-14 7.139127954140449249e-17 -1.038007619699625940e-15 -1.055689931981098513e-14 5.829882898086136129e-15 -3.093086909890846796e-16 2.942519788910431604e-15 9.119209033130272948e-15 3.170672778612552425e-15 -4.604932591751975261e-16 -2.591393941683985880e-15 1.803789200884227302e-15 -2.815622453685550003e-15 -2.219256415874768202e-15 7.781339583471836225e-16 -4.083776405520355653e-15 -6.510103680734067363e-15 -5.179385244084311343e-17 1.359107637425697331e-15 -1.065486330551931970e-14 -3.924371106824041365e-15 9.277336207668187993e-15 2.149672013644207357e-15 -6.921766579879792867e-15 2.826100990417771003e-15 3.279811964289214614e-15 -7.670930162689840718e-15 2.269517031351603499e-15
-2.225344977970053103e-16 3.406727077937464959e-15 -6.378453182468633617e-18 -6.150726238393801835e-16 1.908664951161983715e-16 -5.179532800636926554e-15 9.284974954045999523e-15 -6.509578240591897211e-16 -5.418657432007159983e-16 1.211833308093722560e-15 1.214640462519733422e-15 -3.204347078451582525e-17 -1.405234247294339804e-15 3.015644725239143743e-15 5.323352287115916045e-16 -1.573230069417969070e-16 -1.187216434484876041e-15 2.255807340416575309e-16 3.252142334991028779e-16 1.222325898590466128e-15 -3.693885270874244074e-16 9.042967578438014719e-16 2.515251187096796508e-16 -5.405838454422631303e-16 -1.703698460398490312e-16 -7.006193277161341383e-16 1.959618656318356450e-16 2.656377396841851336e-16 -2.099677306265729220e-15 7.261501815833233571e-16 -4.444291655983816223e-16 1.032878351270653940e-16 1.991082522319295477e-16 -2.540864851554801406e-15 2.503441122504774684e-15 -7.123415697207219086e-16 -1.368668402321197678e-15 2.469511592930008551e-16 -5.560649755883394385e-17 -2.724335464554368568e-16 -1.279902430681572378e-15 -1.628860372424774853e-16 -5.487360698072558757e-16 4.041345831407586156e-16 4.436361862859038231e-19 -5.729209815095843147e-16 1.301231379759758518e-15 1.813715576242699904e-16 -4.027558947001867180e-16 6.945561468135705316e-17 -8.788052033963175179e-16 1.034515065980900215e-15 9.073346843864739211e-16 4.170383750531409148e-17 -1.366834932027330584e-15 8.953038646907516776e-17 4.604178494309188000e-17 -3.235371039162066388e-16 -1.862070947701450896e-17 -1.522933625569116961e-16 9.806217916559734060e-17 -7.436596377114820270e-17 -1.949156256800724197e-16 -1.133057718522005967e-16 1.810715555165981293e-16 -2.328357462515633019e-18 -2.009239251222432501e-17 3.095585254491067367e-17 2.163027584933230080e-17 -6.220484712205975515e-17 -1.206908016571289365e-14 -1.096596429407952902e-16 1.659005042120552597e-16 -2.511496352867469309e-15 1.182488231935735027e-15 -1.719241191776909080e-15 5.999694544537879409e-16 -6.492642773024980248e-15 1.343226117854505683e-18 -2.051196539161460752e-17 4.155815958677248771e-15 -7.967463148071901204e-16 -3.048203112325554792e-15 4.127279807792112846e-16 -5.571476948546662198e-17 -8.013618912804608030e-16 1.871997561735382460e-15 5.949658013854527511e-15 2.209509415015612732e-15 -2.222323945029808558e-15 -3.059725922347170888e-15 -6.256940927857815171e-15 -1.310245479379920586e-15 -2.754337805756360334e-15 -9.511214811240845031e-17 6.093199555594475096e-15 -1.313336337058179938e-14 -1.283412959551734073e-15
-8.532028674073419424e-17 -4.628624484850259846e-15 -5.105154564589534671e-16 -8.921605610354666965e-16 1.084939602830405843e-16 3.353725789509758186e-16 -6.509578240591897211e-16 7.941139111912972371e-15 -2.354718472537940669e-16 -4.317128175625604895e-15 -2.169710591359842965e-15 -1.075103317314273005e-16 4.825275100498011322e-15 -2.288316904385074485e-15 -1.908544971200565774e-15 1.498963327801700640e-16 1.564534037330119658e-15 2.994560740348807526e-16 -1.314391478251563390e-16 -2.882791880359388963e-15 -2.299631957346063655e-16 -4.399959361989751875e-16 -2.219411832151616515e-15 5.589725180786656921e-16 1.958011878577134195e-16 1.625565467521235281e-16 1.464082937389530218e-16 -3.613949442071374385e-16 3.635702467037881576e-15 -1.333554711105363817e-15 7.792129753505204344e-16 -5.148804062806556376e-17 -1.625637984441360944e-15 5.950633058822051264e-15 -2.770048264034496507e-16 1.669442345599435225e-15 -4.506767718737851030e-15 -3.662061343712259361e-16 -3.387308482697277043e-16 1.124109495157247865e-16 4.051952564922946663e-15 2.004044211459674940e-16 4.370432697612661376e-16 -6.443799602630759048e-17 2.709117196308923120e-16 -6.543180418373677928e-16 -4.196618245171603441e-16 1.345200162856425321e-15 -2.855484651579550053e-16 -9.822331553953021557e-16 4.494113419687954578e-16 -1.136299363885835203e-15 -6.220743411707960738e-16 9.606732158053252475e-17 1.855320487878745780e-15 1.555288548099272931e-17 -3.336401845969399516e-16 3.127668410509063271e-16 2.175943571019724709e-16 3.249738807916942221e-16 5.779529062349148331e-17 2.067724447655337845e-16 1.264434713736658102e-16 -3.787272758487191314e-17 3.109389180894352192e-16 -8.042799473532798196e-17 4.325545275631156234e-17 1.803083683167047501e-17 -8.159156260051445966e-18 2.173514002590093053e-16 -5.160624915220704873e-15 5.652054465726448246e-17 -1.773083904841154670e-16 -1.172273512290175793e-15 -1.056159948526480599e-15 7.774384165693983977e-16 5.743838643278015365e-15 2.361123773284360954e-15 3.140326880799838753e-15 -3.856881567540447445e-16 -3.776845221454388832e-15 8.467558882832228458e-16 6.256287444286689693e-16 -6.909414530692598542e-16 -3.583440636930323299e-15 -2.440577083149640507e-16 -7.622488120461590992e-15 -2.379445416742707018e-15 1.408465915008418658e-15 -4.926995334324202429e-15 5.088557749766649036e-15 7.191573331557348312e-15 -3.946294285082601323e-15 -4.266667233020049129e-15 1.350116042814341605e-15 -4.719062329486739665e-15 1.265745411851201808e-14 1.969000543678728338e-15
-2.848369644510786964e-16 -1.067623633342850662e-15 -3.217208165950113545e-16 -4.917516867013888927e-17 3.204579592336390420e-16 -9.561620485074715347e-17 -5.418657432007159983e-16 -2.354718472537940669e-16 2.069889960685933295e-15 5.383109797434363872e-16 -1.083074763024435120e-15 -8.606301558760934556e-16 1.517829903650050013e-15 -1.086446297485987276e-15 3.693543078200348443e-17 3.273736610513882574e-16 5.276949791437407837e-16 2.987601355217764757e-17 -1.904346224612631096e-16 -4.813742763437911141e-16 2.075574680075595423e-16 -6.221746064681104454e-16 1.869257801316111453e-16 -4.918723502485868487e-16 -2.596893333345459675e-16 3.763257938063630383e-16 8.393968097143568433e-17 6.919647436569522692e-17 -8.725628324692648013e-16 -5.608661680356818261e-19 2.045824434558524714e-16 2.466973090968218334e-17 -1.068772854060163630e-15 -1.160211945788808463e-16 -4.158341983672083299e-16 -6.103377047640819686e-16 2.440240246050997356e-15 1.036129034774907649e-16 2.010117293016825236e-16 1.801747458265543661e-16 -1.201554623169548776e-15 6.423561172826794290e-16 -5.508655675649207133e-16 8.338474155482805186e-17 -2.292254015146978336e-17 4.125324879667289292e-17 9.732525379923935414e-17 -5.007528489736358486e-17 3.915086537995486211e-16 4.313312483779306201e-16 2.714162016750607129e-16 -7.332755082327414152e-16 -5.750774631768055131e-16 1.094858950347410430e-18 2.611331373067560398e-16 1.249290054151567842e-16 2.132779804480105562e-17 1.110428933250708264e-16 5.274789748624738726e-18 3.926522135822202074e-17 -5.378383827996420102e-17 -4.488802940578014264e-17 1.462484618260526263e-16 8.621922180206249103e-17 -2.013747435585649143e-17 -1.997545268543354768e-17 7.112940620788145784e-18 -2.494996187959784310e-17 -6.126800076499560196e-18 -1.033703146698499980e-16 5.485728943503442799e-15 9.865217708497495350e-18 3.674970348147435079e-16 1.206912965035607979e-15 -9.004329864495839535e-16 7.043259859194613459e-16 1.188272060141054940e-15 2.264855029751670525e-15 -1.909657268390926098e-16 4.478084779094991517e-17 -7.076882187107254684e-16 -2.857923731643070379e-16 7.896140044478353249e-16 3.142118020972563366e-16 -5.774079086487748782e-16 -1.534994198391529234e-16 1.715172205927648823e-16 8.683466673952259675e-16 -2.212259928299598281e-15 3.010725959526519229e-15 3.305913068295706198e-15 -2.724091131147821656e-16 8.903303965706048468e-16 1.908579212251523100e-15 -5.131422630049456661e-17 -2.423030176051912312e-15 7.657539528974468467e-15 -2.924622501004729858e-16
-1.000733031629338448e-16 5.970159409740371748e-15 -1.012094576178572573e-16 4.764760033106470087e-15 -8.702276043211019462e-16 -2.235883212147014889e-15 1.211833308093722560e-15 -4.317128175625604895e-15 5.383109797434363872e-16 2.292382660995668741e-14 -9.123986788651858766e-15 -5.190661144636630167e-16 -7.007618385594001573e-15 1.278554332366044957e-15 2.653815696547837182e-15 -8.626852078452259411e-16 -6.373854995275586892e-15 2.127040386034262642e-16 4.746580666365441696e-16 4.785677352348220970e-15 1.523684061161117808e-16 -5.014382308252423244e-16 1.888735066327994580e-15 -1.279474385452793401e-15 3.522881655963442196e-16 7.954949454600423135e-16 2.753017405302633532e-17 6.900619206818701311e-16 -2.873054108219987890e-15 9.485847188248728217e-16 -5.221450641578674317e-16 -4.211171115809223352e-17 -1.396284404482070293e-15 -1.042968147767770239e-14 -1.729309572218079029e-15 -1.730379614052826344e-15 3.485719988387973163e-15 1.416941049564945690e-15 1.904184772089106207e-16 -2.130575484441446273e-16 4.695734038070949267e-16 -6.158991734998474345e-16 -6.990409968185589086e-16 5.309506061991411205e-16 -7.855251721224226219e-16 2.680601688258993354e-15 4.829137977503245949e-16 -2.328364860707041184e-15 1.724694942062761541e-15 -2.724497918790589040e-15 8.857082804354144030e-16 2.505133945555097184e-15 1.233541808870222592e-15 -1.279296497331519023e-16 -7.590391320871271257e-15 -1.061786931596011881e-17 4.513422247450398076e-16 -2.354619980820093183e-16 -3.191411967883337456e-16 -4.086632229779628647e-16 -2.042964054467609144e-16 -2.491206626668968585e-16 -1.015058470820230280e-16 -1.053376220134340681e-16 6.007773388108053818e-17 1.402228140800862486e-16 -1.068369246091086614e-16 -1.673238853929034431e-17 -8.576515275548170646e-18 -1.427181225562373493e-16 -9.018758987077116545e-16 -3.273773351132227340e-17 -1.891830935341550391e-15 2.791270540157966632e-15 9.974065811248939518e-16 -2.592327847446627696e-15 -1.310935270689151907e-14 -2.460330264293849422e-15 -5.211022422422805205e-15 4.593457293362550368e-16 5.792692394476720385e-15 -7.501009422227954895e-16 -1.528664731848660043e-15 1.595948371593705441e-15 3.687360068892723293e-15 1.856875307064397854e-17 7.376823810950392732e-15 8.249058870462291605e-15 -9.868753547379015783e-16 6.354627388351244574e-15 -2.540745949390542293e-15 -6.242695880105056753e-15 2.114305709226457411e-15 7.827875318840529639e-15 -2.451820756844527519e-15 6.098045021481666821e-15 -3.622771297174674216e-15 -1.966581571597646280e-15
3.467236490340166735e-16 1.078200125264566025e-15 1.474617031296097314e-15 2.225981173399852569e-15 -7.543649196809392871e-16 6.939972498675342188e-16 1.214640462519733422e-15 -2.169710591359842965e-15 -1.083074763024435120e-15 -9.123986788651858766e-15 1.459725666672362625e-14 8.728479740568157577e-16 -3.697395912152254370e-15 3.576535088269264841e-15 -1.402675674651518463e-15 1.046433329688931357e-15 -3.576563216999698590e-15 -4.712806177296529159e-16 7.329187812992202200e-17 -1.311630727782373198e-15 -9.820660430817945061e-16 2.377954170944650239e-15 -6.157535003628855397e-16 5.346935584961368370e-16 -1.342078538780949552e-15 8.802753265162678021e-16 -7.964290979835233886e-16 -2.007031830490416002e-16 -1.485696080686793327e-15 -1.149468865402363166e-16 3.147097843547244302e-16 -6.928253581220794708e-17 8.959104798411676983e-16 4.523792642731488087e-15 2.658561395974466169e-15 8.952451277750467994e-16 -3.599243995930203241e-15 -1.062873935900753660e-15 -4.741216909103646070e-16 -3.860005527276895738e-16 1.350889706872637855e-15 -1.671609646752365779e-15 -8.268225048714648142e-16 -2.385450378430556466e-16 5.708827906899074850e-16 -3.255887753563693487e-15 2.343479970918117712e-15 -5.328166504602334427e-16 -6.702931189704245220e-16 2.648414908493819472e-15 -1.409657887109301943e-15 4.429272655554994119e-16 2.386247460684979497e-15 -5.047036475499588134e-17 3.883188133987303991e-15 -8.912404678775682078e-17 -1.916734292541360474e-16 -3.533685575236792126e-16 2.542280448792675485e-16 -9.275003790987992027e-17 2.727115927442108329e-18 1.385076578319979751e-18 -1.543675021392250780e-16 -2.703281977267381739e-16 6.367900294148972903e-17 -8.221799081801523201e-17 6.090579995821472029e-17 5.318879435564954658e-17 3.854691109746196698e-17 1.386429132701238700e-16 -3.392612258970297600e-15 1.067261444870123620e-17 2.246115687020819054e-16 -5.511465439833166601e-15 4.528616248834795348e-15 -7.073926507517971474e-17 4.126509915525266277e-15 -1.541352367056586469e-15 1.667183604163904418e-15 1.932580752623472905e-16 -3.083333712847510262e-15 7.315647568697314255e-16 -1.186967534513032700e-15 -1.343018215889870605e-15 2.201252011632508651e-15 -1.923635469203660952e-15 1.749183480090537291e-15 -4.689928980303725897e-15 3.777951833087122204e-15 -8.830450672098966015e-15 -1.624533185043179496e-15 -3.767604979931020244e-15 -4.378342484623816405e-16 -7.320156806958036381e-15 2.085329854587254102e-15 7.553110984604988354e-16 -1.027975451962470872e-14 -1.785080492841890066e-15
4.760332803193113289e-18 2.468943587003005389e-16 2.454390069997633140e-16 1.486461014942627442e-15 -8.229965373466259100e-16 1.068798386101278841e-15 -3.204347078451582525e-17 -1.075103317314273005e-16 -8.606301558760934556e-16 -5.190661144636630167e-16 8.728479740568157577e-16 2.958631649259946920e-15 -1.569889080223807258e-15 -4.347898407146568423e-16 5.049496016442276402e-16 -2.457084977532264483e-16 -1.543814229967719626e-16 -1.321005959071140621e-15 3.211275678719863225e-16 -2.845431097952698550e-16 -7.166611949291903419e-16 7.397174616633896213e-16 -1.085212269780616128e-15 2.854726094440677362e-16 -7.617659443281500355e-16 2.016915407609308889e-16 -3.154144751308702512e-17 2.643149807364298595e-17 -1.380426311455553489e-16 1.874574827286875744e-16 1.687652591265078975e-16 -3.537718602216405545e-17 1.086810842100682208e-15 9.204467980645780692e-16 9.457961412851327193e-16 1.527760789022594491e-15 -2.922153921501545110e-15 -3.820657761477194852e-16 -7.899968727987053266e-16 -1.715524282292941945e-16 1.671471562191160006e-15 5.693814178220445127e-17 -5.935453725056659894e-16 -6.399761876201983853e-17 4.694822902228173819e-16 -2.496124727299501493e-15 1.102331133786102121e-15 -2.031537845663068965e-16 -4.981406941889949979e-16 -7.074830455711666077e-16 -2.714833920014278346e-16 5.879198067427624886e-17 1.340421647969325396e-15 1.516059177245549712e-17 1.184525531711639191e-15 -9.464432272180524724e-17 2.149872991314760556e-18 -7.371059008787423454e-17 1.541346671818494630e-16 -2.466737941421201922e-17 9.773891611596810424e-17 -1.421682370109312581e-16 -1.860616674575875892e-16 -9.267513061714217952e-17 -1.486807664014881135e-17 -1.362550369254456587e-16 2.331051672884256565e-17 5.941523977037230952e-17 2.313505252305843079e-17 1.145708556454404705e-16 -1.866429479961634789e-14 1.491573950894548226e-17 -6.228330537057721662e-16 -2.996841454068502132e-15 2.259018916511717397e-15 1.475302510666764735e-16 -5.292538748224495613e-16 -1.004649033728526853e-15 1.788246134736419211e-15 3.539315800699180618e-17 -2.934878017260687643e-15 9.468026181530471055e-16 -9.472693340694423501e-16 -7.071574584400826825e-16 1.344071375512048150e-15 -1.245482908818822735e-15 9.746508096264079227e-16 -1.256674200569590311e-15 2.843604314524621287e-15 -5.295165699432751029e-15 -3.465351298970297057e-15 -1.633501807177421452e-15 -3.137299782419960948e-15 -2.875080285260268995e-15 9.852910265384141488e-16 -1.531225614649152175e-15 2.835932603383861294e-15 2.587975434956257990e-15
-1.166363426866629356e-15 -1.292320889043901669e-14 -2.120919494353395418e-15 -3.877495005364552847e-15 2.299333862573700047e-15 -5.124004804979488394e-16 -1.405234247294339804e-15 4.825275100498011322e-15 1.517829903650050013e-15 -7.007618385594001573e-15 -3.697395912152254370e-15 -1.569889080223807258e-15 1.348979927254451407e-13 -3.147178758985119461e-14 -4.979156973121890988e-15 -1.266625045571479179e-15 2.654135713475128079e-15 5.679613832292793365e-16 -1.081880039731414095e-15 -6.326818196313804111e-16 2.051857180189998225e-15 -6.977174346063557004e-15 -5.905221492870725642e-16 -6.103337818614265723e-16 1.077684064343961428e-15 -2.284966877094685931e-15 7.985101509670648846e-16 7.383320697229936929e-16 -3.277048539571924125e-17 1.520072082718058200e-15 8.423243128034229828e-16 2.683830725820091648e-16 -2.013495024404843681e-15 3.840172220157987376e-15 -8.475881216383440913e-15 -5.217358824926042963e-15 1.531994899744828205e-14 1.095697364050795342e-15 9.427208162056095286e-16 1.698925799132017870e-15 3.205923607810521664e-15 -3.872577569867755310e-15 3.366790160788729952e-15 6.540144733380993692e-16 -1.694490615412734478e-16 9.845576055666888076e-15 7.558206077809736492e-15 1.519573449385154345e-16 4.232282080894492373e-15 -5.544166454930712144e-15 -2.372934555892329236e-16 -5.167841087295739632e-16 -5.973602202737818563e-15 -3.605841296460097423e-16 -6.315179799351734850e-15 -8.198023534358767458e-17 -5.413798042208711795e-17 1.189898954296367093e-15 -4.037750716752366796e-16 6.164476402866544212e-16 -3.472465118406997452e-16 7.960983852997294302e-16 5.168244706913721615e-16 3.071266727856549950e-16 7.689278870107197114e-16 3.106713753097898944e-16 -9.607329640970746567e-17 -5.240600153403945427e-17 -3.906575571918360037e-17 2.762735451594768141e-16 3.554582379563047255e-14 -1.283049619489226056e-16 7.786926845745884825e-15 7.961313737056520251e-15 -1.266074592657442006e-14 5.393681577836302276e-15 8.122414107330423927e-16 2.644482487713239078e-14 -1.250813351404785055e-14 4.091116404075055817e-15 1.814196628621438896e-14 -6.145262666336708538e-15 4.837514801102709132e-15 3.587360332833346900e-15 -6.504916404075616595e-15 9.183275731952983713e-16 -1.582574531379700338e-15 1.066586799425680651e-14 -1.248643632344264430e-14 2.980438865192372900e-14 2.600653545726129264e-14 -1.242536072631035662e-14 -1.195880867015832774e-14 1.757727851815152870e-14 -3.633658714192811684e-15 -1.479758389852152027e-14 -2.205569415368566238e-14 -1.391944034129223144e-15
2.653340059899299962e-16 -1.294830984431938501e-15 -7.674388624894574264e-17 -1.924862632385577503e-15 1.493843186547051738e-15 1.130633261189399900e-15 3.015644725239143743e-15 -2.288316904385074485e-15 -1.086446297485987276e-15 1.278554332366044957e-15 3.576535088269264841e-15 -4.347898407146568423e-16 -3.147178758985119461e-14 2.977693295849340537e-14 -9.811963603534740897e-16 -5.101387406874367357e-16 -1.015062128150570416e-15 8.780998221788837580e-16 2.609086693212951152e-16 -2.833387871226176663e-15 -1.899356922437917362e-15 3.192769004725648172e-15 -6.370085908968739379e-16 3.004280290699690757e-16 -3.376485989031564375e-16 3.808823378304936329e-15 -1.090725339292801509e-15 5.543298355188256397e-16 8.343042515431510090e-17 -3.961146633748975664e-16 -7.656910112826542454e-16 5.632444925139515595e-17 -5.877183973358396091e-15 6.974264692704528159e-15 3.668220638668430559e-15 -1.206978534075215214e-16 2.074671195038888109e-15 -1.164249702969584974e-16 1.076594262151206633e-16 -7.122806222096190148e-16 2.332348068955975011e-15 3.901185122070904616e-16 -3.400489781435005239e-16 1.898077649622338314e-16 -3.452221317782647261e-16 -1.706699436158285263e-15 -2.357571059230331661e-16 3.898384704229252913e-15 -3.755141042790142179e-15 -1.108661080113454524e-15 3.613791185746012821e-15 5.419522903499494878e-16 2.194748994899276859e-15 -4.899557693137635386e-17 -2.711301553271356393e-16 4.447220241900703818e-16 1.299294702960408065e-16 -6.028374890063196520e-16 1.979759028240399997e-17 -1.359728953374188489e-16 5.605204136647461347e-16 -1.371971360694888183e-16 -2.551904292875203377e-16 -8.788605778269934121e-17 2.938372278601402116e-16 -7.305287120432569268e-17 -2.389951410966335152e-17 2.680596190465763061e-17 9.303865832462346378e-19 3.389817902889550274e-16 1.675593077122688219e-14 1.481821279714137839e-17 -2.345082412044770258e-15 -1.461178042095580131e-14 1.085110413868215185e-14 -3.457534372893973307e-16 1.802025397218299760e-14 -8.907548283278451954e-15 1.811925212198595097e-15 -1.970010080219708237e-15 -7.913207907314435299e-16 7.486071787063686608e-16 -1.891288320738008534e-16 -1.370288684364539672e-15 -3.592661023779556547e-15 -1.823495432700195723e-15 -4.847999327756594771e-15 -6.560229303427620192e-15 6.969094816020878830e-15 -1.489486883354952303e-14 -1.002080919178290510e-14 1.071829655577972321e-14 1.181473829998576844e-14 -1.827746280359580282e-14 1.819532987700643281e-15 6.531067818426883008e-15 -1.380808711053268033e-14 -4.939979317580078830e-15
-4.302774214861616179e-16 4.897708930666173173e-15 5.171381918690575976e-16 -4.133598920994580524e-17 -7.028618370401787082e-16 8.828566415764411204e-16 5.323352287115916045e-16 -1.908544971200565774e-15 3.693543078200348443e-17 2.653815696547837182e-15 -1.402675674651518463e-15 5.049496016442276402e-16 -4.979156973121890988e-15 -9.811963603534740897e-16 1.221262768806268801e-14 -4.050019225680225715e-15 3.657875421441496010e-17 -4.190692419980717796e-16 4.167522466382677306e-16 4.838778214883206417e-15 1.020693428153711159e-16 -9.814369760586010265e-16 1.646784597955404736e-15 -7.194750973856855778e-16 3.428292470001752937e-16 -1.531345334923662696e-15 9.537266202531115784e-16 1.334473831314768260e-16 -9.958635093072731692e-16 6.446503588081979841e-16 -8.730378779646875587e-16 5.221997498886415839e-18 6.498721364299850813e-16 -7.423648081641948689e-15 6.413898354371961903e-17 -8.276410846871792555e-16 -3.619001433334112309e-15 1.381624391459078465e-15 9.844017726229996441e-16 -1.537276702737762092e-16 -5.133102665260776156e-15 -1.213702509377935768e-15 -2.842393577050068323e-16 7.261260725722225281e-16 -6.074943759733609144e-16 4.130100573947279020e-15 -3.730986676805526021e-15 -3.159683510162124582e-15 1.517956580436720440e-15 2.806187759766071934e-15 -1.501138256951583791e-15 1.150720074688438081e-15 -1.625567839341346208e-15 -8.524701108950440045e-17 -2.128110729581649361e-15 -2.544216163267149042e-16 -1.631872018174044886e-17 -1.895677724588897205e-16 -2.884413373779694450e-16 -2.452559338571027162e-16 -6.427054651812611289e-17 -6.033649965097391529e-17 -1.835424761743022569e-16 1.825168733385475822e-16 -4.505006495909594539e-16 1.630051755870989471e-16 -2.825359464578350366e-17 -5.355518249392730556e-17 -4.349046344840725487e-17 -1.117927113581685266e-16 -1.360242010358267791e-14 1.230064990226479238e-17 3.834296344833667763e-15 9.288893071854819848e-15 -7.725388314929024803e-15 2.151027588488542711e-15 -3.716822859338582527e-15 -5.329851687930604963e-15 -1.752523068740609367e-15 3.477100839718184234e-17 -5.848205835923682348e-16 -3.524993623629211937e-16 4.200104687077607679e-15 1.780353042321439828e-15 7.307892383342248720e-16 2.959535625429520134e-15 6.576359202563559292e-15 -1.782364075581574086e-16 -2.759540920694949482e-15 1.037492770051423512e-14 -6.496980870722969677e-15 -8.876028948633165342e-15 -3.432719482930409994e-15 1.020271333000276168e-14 -2.930584006413228587e-15 3.230677847919761035e-15 -8.238813032556553543e-15 -7.003793111463178213e-16
