1.436720203202537007e-15 3.883482712077116865e-16 4.879012195030417661e-16 -2.705459978493797887e-15 2.369999655329080444e-16 -9.163193946965557567e-16 2.693153881863232839e-16 4.949058304253570057e-16 -4.754345803724575015e-16 -1.062659922760007183e-15 4.454811239791135938e-16 -1.068530959724339883e-16 6.657193700706377740e-16 -4.467818530132804054e-17 -2.271161383891276762e-16 -1.234143368099460488e-15 5.073720372806944268e-17 3.039581325065457744e-16 2.633027366181424610e-16 9.944922814141622970e-17 2.457551709293848208e-17 -7.781002642727239015e-16 9.670182220380446394e-16 3.310341388674627657e-17 -7.526569085953305581e-17 -1.359132070269813978e-15 -9.715091846716970277e-16 -8.545421159828784756e-16 1.111739638585091844e-15 3.146246278724875249e-16 -8.134029302781027840e-16 1.170575682013810271e-17 -6.357452116252783897e-16 -5.831500659564873471e-16 -6.318432131602558123e-16 9.102067169256174105e-17 -2.067820803259267968e-15 -1.017750206593954777e-15 -2.913046974081598398e-16 -1.149146858898953969e-16 3.643739646445648731e-15 -3.952349949716378402e-16 1.890228808412850999e-17 -8.830923674387331040e-16 -2.262125606029778278e-16 1.287491411975949923e-15 -6.666847900482763582e-16 -1.435696497970996235e-16 -9.011556057989575226e-17 -5.115005633196053057e-16 4.093414912744997904e-16 -7.235892358302654823e-16 1.692204156263541938e-16 -5.451091489380749437e-18 2.539199711478312198e-16 -1.379258495589415787e-17 1.492038601378522686e-16 1.216406057562597018e-17 1.469757196339635904e-16 -2.559873418805326067e-16 -1.463255649214574713e-16 2.947650232441577002e-16 -1.825620694094723583e-16 -1.053790605090375068e-17 3.786685748238137551e-17 5.055564030952308983e-17 -3.467106469247478852e-17 1.677620059628142171e-17 -1.072783457638805783e-17 5.512008824025362494e-17 -1.679296148932858348e-14 7.113903229165830720e-17 -2.097660627624719044e-15 7.973120062842974697e-16 2.105783405611205733e-16 9.004669141175845104e-17 -1.082316923422729087e-16 7.754193916489103909e-16 -5.298319559510007291e-16 5.869852885222690297e-16 3.782363355930481534e-15 -7.271337196213951473e-16 1.138354681924737773e-15 -5.419355220560194230e-16 1.307751747979138614e-15 -2.268768653435128813e-17 2.397851271446028850e-15 -6.434354942136618539e-16 3.895770201334193605e-17 -7.351695406111404600e-16 -7.619215743824655588e-15 2.151556799253356153e-15 -2.036956771660282475e-15 1.429050446869234450e-15 -1.963023043845343790e-16 1.847461235666568160e-15 -2.856413469520172959e-15 6.424809769330104012e-17
3.883482712077116865e-16 7.341123094884167506e-14 -4.256065584244755179e-16 -5.164906164737789090e-17 2.142988119056287014e-16 -6.011420761952904087e-15 -5.757049278808957365e-15 -7.446805073543135731e-15 -3.406558120039546113e-16 -7.721048495763139285e-16 1.962449557640311385e-15 -3.953334706270281248e-15 3.191914534883455785e-14 -5.154180634728681893e-15 -4.038807549573217865e-15 -1.454948814108676636e-15 2.871597706651467663e-15 9.212103608999086268e-16 -1.139358925658614877e-15 -6.466950311623814007e-15 1.148717744524220504e-15 3.672168350076462387e-16 4.344582103658258535e-15 2.448328659814751727e-15 1.496594756476151886e-15 -3.856413038978376345e-15 1.610693106462046187e-15 2.511416227325534321e-15 2.104881950219553047e-15 -2.971732499829142013e-15 -1.185704480170803671e-16 1.665986981127642231e-16 -5.924829770296940377e-15 8.139570002735897462e-16 3.471096918665437959e-16 -1.597632492411648598e-15 1.471561961019593802e-14 -4.473125582873670597e-17 2.664138496722132870e-15 1.840256431619832538e-16 1.201721150214222043e-14 -2.064095783580380631e-15 3.038420400721605094e-15 -2.606583155640449022e-16 1.942350600021552395e-17 9.807748983039617793e-15 5.963643042623064524e-15 -2.461477846776620927e-14 3.949275871086375166e-15 -2.600989551896664358e-15 3.075460911229849847e-15 3.280218384474230298e-15 -2.348327824148530396e-15 -3.684063831422418028e-16 7.010553949742518536e-15 1.257729045190063514e-16 2.338669226240818584e-16 -3.757698894625896525e-17 1.192000704441947089e-15 6.805367213558176136e-16 -2.733479519846458908e-17 8.129232893038502717e-16 1.047279085519509079e-16 -6.930663320411030538e-16 1.229046656720299479e-16 2.295525401196195041e-16 3.482875274640866013e-17 1.238674623120578016e-16 -1.043351864219208715e-16 -3.716094729798356739e-16 -1.431533946265573388e-15 1.706837375034053027e-16 1.014652819252739670e-14 2.146390229129682140e-14 -3.914955925712813888e-15 -1.025598652665588951e-14 -6.132628712614006588e-14 -1.019609477951171418e-13 4.856706870669674039e-15 3.050798073606387424e-15 -7.133482141427490856e-15 -4.901971333555651704e-15 3.207962151587061307e-15 1.021330091533564094e-15 5.560351263220447621e-15 -5.949486361416448104e-15 -2.215095904034040600e-15 -1.707209352147148300e-14 -3.272821300029664683e-15 -9.253057536590436053e-15 -1.128440266299147378e-14 -2.490544382064713846e-14 1.280730074196465684e-15 6.314129647347414161e-15 8.631647786256972498e-16 -9.937798084259063413e-15 -7.139315339554934406e-15 -5.944105085597725788e-15
4.879012195030417661e-16 -4.256065584244755179e-16 7.992445584221959054e-15 5.181250973244334789e-16 -7.642169279532915629e-17 1.388911925877484862e-15 -1.713392800446855890e-15 -5.622868851738219315e-17 -1.028917268419609140e-15 -1.177045866178195732e-15 2.293634823759466506e-16 -1.094988516433576158e-15 4.738616548283161292e-15 -2.996976675533893020e-15 -2.654603510481177487e-15 -1.510743967461466360e-15 -1.276519340968510816e-16 1.419834584465975485e-15 -2.038189735997016736e-16 -2.199146469696084428e-16 7.712090434801804193e-16 -5.607721038837615770e-16 4.376554362501677605e-16 1.076169519540096044e-15 1.280885468587687156e-15 -3.085036739981976036e-15 8.047827465226196126e-16 -4.287392233879235265e-16 4.560283131122332376e-15 -1.114643956256914545e-15 -9.002534515172518307e-16 -3.539537351399173801e-16 -6.110633659706866969e-15 6.505183944165930077e-15 -1.611854915943307302e-15 3.851267693974920991e-16 -3.666473037652312911e-15 -2.744176708067560231e-16 5.951722703543616939e-16 3.386963475281897751e-17 5.650403029580203645e-15 3.909010711334653314e-16 -3.688811270700811948e-16 -1.913093736596664392e-16 2.626523315515777400e-16 2.612803437818442093e-16 -2.697262068183320382e-15 -1.325832001603681571e-15 -7.051379851002283513e-16 1.716137182226824993e-15 -3.357524369929426312e-15 1.496146517185652045e-15 5.152480914788606667e-16 -1.706966088216421160e-16 5.952952622025212772e-15 -2.561739783273415926e-16 -3.491145647476876549e-16 -2.358996982400585702e-16 2.203863657000014006e-16 -3.354530842591468468e-16 -4.431788347202419656e-16 1.271749775650969644e-15 -5.063230516999415635e-16 -1.022397340155760234e-16 -1.584242175669357585e-16 1.808308925367428078e-16 3.557319115217406442e-17 3.963739729096226509e-17 -3.333516450593373855e-17 -2.135389963458617098e-16 -1.322674275792286015e-14 -3.660202827082536736e-17 -1.204816221971243704e-15 1.233681491478931467e-15 2.872467909148402066e-15 -6.708878429094437924e-16 -7.752013351421982234e-15 -1.074869042753443008e-14 -4.676553937424546554e-15 1.515394061934341585e-15 6.441292944079868354e-15 -8.415381069897959355e-16 -8.876469273343710586e-16 -1.221090895341518716e-15 4.147045458442045602e-16 1.620712034690631916e-15 8.979799574148630323e-15 -1.063860358791252721e-14 4.485915415120780095e-16 1.872666147178437833e-15 -1.626110041457437151e-14 -6.590333459478681380e-15 2.213825872122670353e-15 -2.745274494439133421e-15 6.191217983307332843e-17 1.449385620260215226e-14 -1.428011063663559256e-14 -1.932423574892142696e-15
-2.705459978493797887e-15 -5.164906164737789090e-17 5.181250973244334789e-16 8.379390883727287498e-14 -5.075108270702503574e-15 1.928006879909158678e-14 -9.065661516426868333e-15 -2.610370964472395704e-15 -2.924413844551935903e-15 2.753204692645961151e-15 -2.419206043815118340e-15 1.213371576765293158e-15 6.190013088158196760e-15 -9.834618626610691366e-15 -3.725904825716339322e-15 2.347370169650966608e-15 2.531898704458058296e-15 -2.387774944612085975e-15 -6.302952039702231260e-16 1.903121168062292397e-15 -7.508602125841343806e-16 -3.669014240061715804e-15 -2.595919481403721854e-15 2.118093963423866310e-15 1.343983754992766849e-15 -7.284410342867329442e-16 3.196129319444520295e-15 6.397752612743597290e-15 -4.946742154749091744e-15 -8.270726664040935849e-16 6.145546074913083067e-15 1.800308400894789619e-17 2.768619771695806058e-15 1.056252922495564809e-14 -5.561404227413784241e-15 2.844417989770597817e-15 -3.926905511882185107e-16 3.847727078977139719e-15 7.450938243096938501e-17 5.845237420927425674e-16 -2.208217887707575379e-14 2.171092904336685334e-15 1.177401392911352217e-15 3.505701419793103765e-15 7.091352966644658241e-16 -1.517754851287324535e-14 2.053490229448392131e-14 -1.884632245009949122e-15 -5.554049177427812270e-15 -7.278462814615512183e-15 -6.681955109365530521e-15 6.651194720251876826e-15 2.754833984446863464e-16 -1.140189563037132013e-15 2.816812258506460790e-15 7.166717965812571302e-16 -4.927711634091688059e-16 -3.694347097898669888e-16 2.642223058508788926e-16 1.872815429153190521e-15 -6.311217581599441391e-16 8.536934698696225327e-16 -1.080166342175730122e-17 -5.990077005867660466e-16 -5.166257702011949781e-16 -4.059042084856274477e-16 3.226097286198484324e-16 1.766509943669732313e-17 -4.930164390838898501e-17 -2.272771576276667801e-15 -3.298437855844084089e-14 2.595669443941957809e-17 1.255741348884855262e-14 -3.117485504872267760e-15 1.083762955540537613e-14 -3.055090914853731721e-15 -1.607072123981237173e-14 3.679735229242281139e-15 8.467821580498312507e-15 1.541936490725400601e-15 -7.276502193825987271e-14 3.874013999046925157e-15 -1.348946860878942877e-14 4.322034263953120605e-15 -1.261476245245093113e-14 9.245718229965330559e-15 1.862424997625904376e-14 -3.075141417953651199e-14 6.129622453414973287e-15 6.586196725763203215e-16 3.920320109555581079e-14 -2.604761090793423468e-14 1.487888093609635487e-14 -2.969847681233241274e-14 1.527475052328934553e-15 1.597095844680587988e-14 5.351606460177272870e-15 3.550484688149435660e-16
2.369999655329080444e-16 2.142988119056287014e-16 -7.642169279532915629e-17 -5.075108270702503574e-15 2.059748853729552727e-15 -2.421261511935004554e-16 2.134309710856020744e-16 -3.388832334891145340e-16 3.215517601557191187e-16 -6.722334311939704177e-17 7.762057806255455125e-16 -3.577484983507646147e-16 6.810890413729233282e-16 6.950956207190342848e-17 -1.937796070163905348e-16 -3.584627215518100858e-17 -2.436733955502755978e-16 2.927202810507281150e-16 -6.967395939439544763e-17 -3.622273596243255567e-16 2.889776869952860397e-16 -1.705822389777391826e-16 1.861885293860129348e-16 -1.129970380571114962e-16 -4.617066476204603170e-16 -2.346929823944948621e-16 -3.074518008963652599e-16 -6.722657678941905393e-17 -9.393093233183394504e-16 1.854536999779457520e-17 2.961415664176875513e-17 3.020509327843456550e-17 2.925931104742942176e-15 -3.837189380406124750e-17 2.570108284585531770e-16 7.381445895245376742e-18 -6.943150228602552414e-16 -7.261098202946562742e-17 2.261420919724614777e-16 1.118453021726541958e-16 -7.842653811360774069e-16 -4.610603589982186102e-16 -1.539700168268907134e-16 -1.433084179067240555e-16 -2.316028596561644573e-16 4.524723410682869818e-16 -5.142270790828405040e-17 7.493663591870804655e-16 -2.361907590318986651e-16 4.795084469452064111e-16 -2.538294726813865559e-16 5.482464020796942602e-16 8.648525995374593690e-18 -4.090785755506244122e-17 4.049157495135851479e-15 3.851388561695788887e-17 1.095249296112405601e-16 7.562051680165581980e-17 7.108634378869375564e-17 -8.622420849184794878e-17 -8.265657325643095982e-18 -2.349858113420115657e-16 8.470668879285306120e-17 5.796265111522212830e-17 -2.487189883585132361e-17 3.151110047962194400e-17 -1.294276830559280976e-17 -1.048825618680884557e-20 -4.569792228092481083e-19 1.399821188575959528e-17 1.956388445310213002e-17 1.012459575319627891e-17 -1.012245286297637625e-15 -1.955725713199186366e-16 3.871190357175106979e-16 2.745901588341628915e-16 1.325094681599075829e-15 -4.350053118402602405e-15 5.103681276120422991e-16 -1.684325526007290243e-16 2.090334522090695735e-15 -1.300515544992856364e-15 1.366611443942163628e-15 -7.617575753226933348e-16 3.353520104326888252e-16 -5.717384731056226193e-17 -3.504101529377610345e-16 1.212976860857991561e-15 -1.603963069445051711e-15 3.687731027620247432e-16 7.445316979727516014e-16 -1.496111027686098974e-15 3.689189808405646965e-15 4.497642079073177451e-16 9.549835009800496039e-17 -5.672042882539701731e-17 -1.097307947137442142e-15 1.341620494805387873e-16
-9.163193946965557567e-16 -6.011420761952904087e-15 1.388911925877484862e-15 1.928006879909158678e-14 -2.421261511935004554e-16 3.600150202402636716e-14 -9.660765593160070488e-15 -1.392375801634307418e-16 -9.687359537452999455e-16 -2.396988793709771590e-15 9.164119157787189995e-16 7.813210909971526697e-16 5.291502052252799512e-15 -6.599765442403208331e-15 -2.479092392479644018e-15 1.016454780316005162e-15 2.283595006722559417e-15 -6.624549532752647319e-16 -5.573521046066700972e-16 3.720449576679805161e-15 2.661809218027326004e-16 -6.001899336830562859e-15 1.691680821087503488e-15 7.032650015892340520e-16 6.848958556666326303e-16 6.427304887184824472e-15 -1.436861034775682720e-15 2.709145263063696651e-15 -5.876007835145314686e-15 2.182237549669933334e-16 3.700917534964112198e-15 -4.897505438436927595e-17 3.647531006042432498e-15 2.781736416091605181e-15 -2.140825558560735240e-15 2.426575076721913927e-15 -1.295444158236647034e-14 1.199574606538885640e-15 -1.379769306930988182e-15 4.046134834828576240e-16 -2.079962427390247612e-14 -3.394326449507123182e-15 -1.982411993180816778e-15 1.313217952628963417e-15 8.551782545455154826e-16 -1.371467238617745578e-15 3.856493196873581621e-15 1.236100800768262330e-15 -2.287600429794630179e-15 -2.410445619157829601e-16 -4.853423784977572680e-15 8.281102989257171354e-15 2.460197520957036262e-15 -7.068908938149700630e-16 1.132811827976774858e-14 5.677949556727379154e-16 -1.441347347329698416e-16 -1.265470563484323311e-16 2.671438317960182488e-16 5.837831321858020460e-16 -1.837277148703828779e-16 3.363773627344352484e-16 -1.015654984078777318e-16 -3.514391969452952660e-17 -2.330581852312979281e-16 -1.490823441934187353e-16 2.316358397880923505e-16 1.097102670188717746e-16 2.224058324770064093e-17 -1.268872635755332706e-15 -5.275695572627594983e-14 -5.968259031949203659e-17 9.941668268806547326e-15 -1.043982347628736920e-14 2.839856407553557165e-15 -3.563990562041828653e-16 -4.251144711297732030e-15 1.831375139567042486e-14 5.051933639603017747e-15 1.813670336867326142e-15 -2.448320134068742097e-14 6.927101677492755480e-16 -6.305746992243423494e-15 2.127676835934177438e-15 -5.743014670130404387e-15 2.520826321611965330e-15 3.070568599302669021e-15 -1.587826778563664187e-14 -3.150717361759126420e-15 9.392623742413923131e-15 1.758150939907325460e-14 -1.204823171229343582e-14 1.369873273303261358e-14 -1.392479781686447332e-14 5.870633393802437639e-16 9.900025586350108686e-15 -2.322034891900580938e-14 5.486054079359766927e-15
2.693153881863232839e-16 -5.757049278808957365e-15 -1.713392800446855890e-15 -9.065661516426868333e-15 2.134309710856020744e-16 -9.660765593160070488e-15 1.144004745799542620e-14 1.336397681401014212e-15 8.120453374271295684e-16 2.444372987114064566e-15 -1.479953588921274386e-15 1.290903423739111656e-15 -4.560873328838047811e-15 2.188306298066253559e-15 1.471763205984326528e-15 -2.660878822964312756e-16 -2.337049943163049022e-15 -2.447877739253326550e-16 4.285980209321469518e-16 3.342881916480167967e-16 -3.952515641179386079e-16 9.008993986646819474e-16 -4.848545010946986870e-16 -1.296906415243103324e-15 -1.424639680387911376e-15 -1.253880833389425704e-15 -3.923920025785037755e-16 -1.732183706666427050e-15 -3.331296062609660279e-16 9.575624225620033639e-16 -9.129792311649679308e-16 1.553683179542559928e-16 -3.512059968503885972e-17 -5.011080702911294366e-15 7.988963612477896012e-16 4.246189005969283708e-16 -3.561162765197843912e-15 -7.573169505182952271e-16 -9.416228097123700645e-16 -3.537163799321544545e-17 4.419069200269616471e-15 2.334102204659256069e-15 -1.690129012313284013e-15 -5.969768549258436865e-16 -1.263775810659863720e-16 3.628145927982296878e-16 -4.370677639068047503e-15 1.313393163596360712e-15 1.286088089927934310e-15 -1.876889774405415475e-15 9.376036712801946572e-16 -2.581050894545359580e-15 2.195313696990868033e-16 4.429664322389661523e-16 -7.116740580594295113e-15 1.065898358203698612e-16 3.573512632214321794e-16 3.338425202643646514e-16 -4.079726878976454159e-16 -4.375804496032196990e-16 3.650450198562446396e-16 -2.660438843460297447e-16 9.911614467192159979e-17 4.248678223150957241e-16 1.753833447338818326e-16 -1.078392464347534483e-16 -9.699385230167031871e-17 -7.085433873631602711e-17 5.010342431871526410e-17 5.993268923663123199e-16 5.343867603529847495e-15 -1.203247381540096615e-17 -6.305148561252717995e-15 -3.690780087893587136e-15 -1.948875195937675871e-15 2.273825939828776215e-15 -4.245228131606815099e-15 1.611153511994461722e-14 -1.238312268694340327e-15 -1.351419247741138918e-15 8.354432679031830088e-15 1.086285891356756839e-15 6.784459917870933657e-15 -1.629020788174898754e-15 9.808595933355488508e-16 -1.126390247195691090e-15 9.918254646291052758e-17 1.075030950557294675e-14 -4.274208905429982429e-16 1.124149828226796057e-15 -1.496103706974481727e-14 1.244679379248276276e-14 -5.579072636439374810e-16 1.359825949904284538e-15 -4.725420592613966409e-16 -6.315667983842750420e-15 -2.677068263535025592e-15 1.615372972203517194e-15
4.949058304253570057e-16 -7.446805073543135731e-15 -5.622868851738219315e-17 -2.610370964472395704e-15 -3.388832334891145340e-16 -1.392375801634307418e-16 1.336397681401014212e-15 8.846573273282243448e-15 -5.049161628065096655e-16 -2.456070236489190760e-15 -1.212811312443278377e-15 1.395611614915244308e-15 -6.537059286257290354e-15 1.045835090063761799e-15 1.220528808043312716e-15 9.702663086130686966e-16 -6.652225521818103151e-16 -7.820553794963554774e-16 1.775039992034026073e-16 7.781304528424924443e-16 -1.356636502264385914e-15 7.523375245215118480e-16 -2.062734416224764820e-15 -3.411409957335934344e-16 3.014950746007312944e-18 1.723840171901059124e-15 -1.640224568494556261e-16 -2.350711320963228008e-15 1.410607064399466615e-15 4.218663816627588475e-16 -3.556356543063525746e-16 9.296685856082851330e-17 -3.001261798213476029e-15 3.007622254327134127e-15 2.426378080805968287e-15 1.348926908034328993e-15 -3.962617608765296332e-15 -6.553081745758362222e-16 -1.030487048731430063e-15 1.907632004004257543e-16 6.971803724914969005e-15 -7.998260068013064398e-16 -1.501807724152962484e-16 -6.772303115811554314e-16 1.163770308645844988e-16 3.450488665168036671e-16 -4.823605731467541096e-15 -4.711867275543638495e-17 1.703026259624906174e-16 3.452782925295220481e-15 -1.855871429296823746e-17 -1.118354191378090850e-15 -8.054101528404365508e-16 2.912471711658856509e-16 -6.630382559337144444e-15 -1.238042104424800605e-16 -2.588658516026821883e-17 -1.363212728994455195e-16 -2.964296473420093352e-16 -3.899030903559034434e-16 -6.546416853257101079e-17 1.195145809602469836e-16 -1.967002746508306106e-16 -1.952477687450199518e-18 1.887673007791751741e-16 -1.209787379925424342e-17 4.353831184576237107e-17 1.424087426440464183e-17 -2.111980694689126955e-17 1.254113819484714215e-16 8.466092646396130560e-15 8.164013590491201451e-18 -4.328845669493617676e-15 -1.509512483846956030e-15 2.644225693584894728e-15 5.042539558460395526e-16 5.553320308465084172e-15 6.806972448795308228e-15 -1.339804434288190284e-15 -4.395027457310858579e-16 4.779822028622321544e-15 7.709835601965982452e-16 3.202426906105515608e-15 -5.673061036593628934e-16 4.205995446751799072e-17 -2.568917412266691245e-15 -9.061790849829870232e-15 1.205095925655801905e-14 1.419985332867201812e-15 -3.088903887260165135e-16 -1.244851550369828465e-14 1.794143076766866043e-14 -6.731870053933281242e-15 4.264922785569728145e-15 -2.325786367360088947e-16 6.079856860474678044e-15 -1.875895186810118470e-14 1.344679563356858813e-15
-4.754345803724575015e-16 -3.406558120039546113e-16 -1.028917268419609140e-15 -2.924413844551935903e-15 3.215517601557191187e-16 -9.687359537452999455e-16 8.120453374271295684e-16 -5.049161628065096655e-16 2.967786199283475219e-15 1.245941937236910879e-15 -6.574072403644168306e-16 -7.372097490545843706e-16 -3.214485238139038437e-15 -5.010388112553045173e-17 -5.733072894264898746e-16 1.099533396922248031e-16 -2.741534997297080409e-16 1.373439700969696464e-16 -6.915514756808893619e-17 -3.496003492806617387e-16 5.945591522790060372e-16 2.917144694907746020e-16 -4.549413242465788790e-16 -6.641360451954099204e-16 -9.624642166904911478e-16 1.396193805001098113e-15 -2.697620878664982568e-16 -1.048423540546071349e-15 1.516946291272059317e-16 -5.129734120223863423e-16 5.368352012318910458e-16 1.911934999432743362e-17 1.499067148403838409e-15 -5.190240711435701974e-15 6.547762692619528236e-16 -1.215916072230312824e-16 4.160665454712989378e-16 1.616786973547822842e-17 1.759723668224129500e-16 3.424236870514476643e-17 -1.794256886853428559e-15 -4.495246498148343346e-16 -7.367905085863761420e-16 -1.292981524973128568e-16 -1.285825006714968711e-16 4.055331261199411276e-16 -2.307191148007360443e-16 7.499762827114907387e-17 1.005753583932122512e-15 1.207998590720599355e-15 6.401560973493281051e-16 1.401027726485012732e-15 5.275800736770593297e-16 1.745357704736248344e-16 1.496709565303850779e-16 1.551581146100324392e-16 6.046409263708016533e-17 1.350824743244139160e-16 -9.768480084744015336e-17 -1.425329389601170801e-16 1.917930746600023994e-16 -6.103850174378078374e-16 2.719849032017929849e-16 1.867450570477662624e-16 -6.099133561880847696e-17 -9.102627663644548120e-17 -3.422519057405517211e-17 -2.302426928703155452e-17 4.134162491900155004e-17 3.948646338308156194e-16 -2.124825601015781734e-15 -1.786145101155808039e-18 -3.407812586275413823e-16 -1.504083360682383777e-15 -1.868607633258608719e-15 1.809590703133130846e-15 2.027556839260564320e-15 -7.341094133024225271e-16 -5.936685752494073496e-16 -6.131081867498966675e-16 1.955782172312572175e-15 2.485664277053022501e-16 -6.389574784849960763e-16 -6.219121510807423883e-16 -4.852915206295394659e-16 4.903555687422998830e-18 -5.562648173584207775e-15 6.035582789117982946e-15 -9.393761617726690547e-16 1.106615349184582756e-15 1.532016346861506811e-14 2.672143619385027515e-15 2.693025453066043129e-15 8.345312109661678985e-16 1.865557283595983075e-16 -4.862359500166592120e-15 1.742110200094498028e-15 8.620547778872937791e-17
-1.062659922760007183e-15 -7.721048495763139285e-16 -1.177045866178195732e-15 2.753204692645961151e-15 -6.722334311939704177e-17 -2.396988793709771590e-15 2.444372987114064566e-15 -2.456070236489190760e-15 1.245941937236910879e-15 2.355019466203999522e-14 -1.193172663671539080e-14 -2.783766009238579029e-16 -8.693512158118490950e-16 -2.370374892193133311e-15 -5.334481230744272745e-16 1.708583464511041740e-15 -7.767932784502514612e-15 1.219610840310138454e-15 1.289186084489345502e-16 1.999383217112688201e-15 -9.818705672598177038e-16 2.423563407826765079e-16 -1.237212730141310570e-15 -3.175546295149749442e-16 -9.495774569403100944e-16 4.239238565585376400e-16 1.798729887472273081e-15 6.563757095910786771e-16 -2.668640854557139558e-15 8.377053188217398434e-18 5.679018134368123718e-17 2.245839308937167654e-16 3.317114396800322949e-15 -5.606215982579252265e-15 2.438456334930357837e-15 -1.397796911738857515e-16 4.242483533069050354e-15 1.321731740171760228e-15 -2.534253011122748612e-16 1.013556528270386355e-16 -8.179627784166137299e-15 1.870200871521023754e-15 -2.374868583336583570e-16 5.669725304629881441e-16 -4.587059034088906882e-16 1.085964061873618416e-16 -5.347861733545327695e-17 -3.372733701442146602e-15 3.324430332582047652e-15 1.197725680687743559e-15 -4.273877326318422668e-16 4.925017020565165049e-16 7.413009164446559825e-17 -2.751780958267330160e-17 1.178758964130207722e-15 1.291620977414951766e-16 3.503773912405732228e-16 3.352108357957725844e-16 -5.532398817271877073e-17 4.002238711670759438e-16 5.016881133945610858e-16 -1.140985961760409636e-16 2.120237993961615371e-16 7.200495737672296228e-16 2.171505555767578640e-16 1.321627293961212710e-16 -3.644559788965520956e-17 -7.818240038368198327e-17 -8.315046657392152387e-18 -1.608116757431447216e-17 2.763538060747649046e-14 -2.114879711596093164e-16 1.371340099490781308e-15 -8.135144059102984245e-16 1.824287077756657909e-15 -1.104160874971117455e-15 7.407762043133314616e-16 -5.377115128036632675e-15 -2.567734041197350119e-15 -2.241331804743690559e-15 -3.667388292866683584e-15 2.449081129424127736e-15 -2.551931450408826543e-15 4.083354932476086252e-16 -4.119180808445450844e-15 8.748749724856564842e-16 -4.116511364176640689e-15 1.530034367400603583e-14 -9.583478315413074770e-16 1.174977569611548302e-14 5.508293176550885193e-15 -3.980894978489412399e-15 3.365410970034886797e-15 -3.107832985981672819e-15 7.714657014612723093e-16 5.581287000752989987e-15 -1.672099325827035282e-15 -1.134459963971324103e-15
4.454811239791135938e-16 1.962449557640311385e-15 2.293634823759466506e-16 -2.419206043815118340e-15 7.762057806255455125e-16 9.164119157787189995e-16 -1.479953588921274386e-15 -1.212811312443278377e-15 -6.574072403644168306e-16 -1.193172663671539080e-14 1.516010317067210060e-14 1.230627647281025921e-17 -4.050162826970138114e-15 1.859245384725006274e-15 -1.094677099755219814e-15 -2.144926302393421542e-15 -1.169599048187760775e-15 -9.061210638480816653e-16 -4.840629900021343369e-16 -2.967482587075357141e-15 1.227948017967682427e-15 -3.519917141699126946e-16 2.409149815970091585e-15 -7.616630141967155470e-16 -1.994474873242101131e-16 -1.834282060018206045e-15 -7.850448916555848861e-16 -7.875952193966746353e-16 7.625634090892548464e-16 -8.073164369688136287e-16 4.478125735202855813e-16 -1.815163885954559843e-16 -1.514890395306147034e-15 -7.746563576569819540e-16 1.909115530781342754e-17 -1.102291921457475802e-15 -4.388360906980429104e-16 -6.290561039145923979e-16 2.345625946854671405e-16 3.269713233829652316e-17 -3.177369016459262096e-15 -7.368835530587465369e-16 -3.194897940501648566e-16 -3.590885779706590612e-16 9.861874567524057118e-17 -8.185544212486011292e-17 3.071027825341688126e-15 3.259839569739064744e-15 -1.244727549396687326e-15 -3.484899395494918708e-15 7.876665369455380392e-16 6.334797254019190512e-16 -2.517560158534846867e-16 -1.800741924525889368e-16 1.442750964196234405e-15 2.114419546273143585e-16 -2.259671833281929342e-16 -1.865533600956930550e-17 7.495860569499580694e-17 -1.401044320875296932e-16 -2.223065721977744099e-17 -5.140301726191655858e-16 8.954092879187697889e-17 -3.904229982726948717e-16 -1.660688739893162992e-16 -9.486501589152084658e-17 -3.879697134787874870e-17 3.277915845983139210e-17 4.568531584897588590e-17 9.296090196822328860e-17 4.386052116774332731e-15 3.506164121004787773e-17 1.036648684150900525e-15 3.427183862107661215e-17 -2.012083800632473426e-15 3.307281809996579836e-16 -1.878634972138700336e-15 8.855542399102381096e-15 2.065061349762566502e-15 1.399513556517259652e-15 -2.906963665556168571e-15 -1.604416799964283071e-15 5.915394025574884090e-15 -3.478673339408107676e-16 7.465218602528116877e-16 -1.285649086704843652e-15 3.834295580255646954e-15 -1.040783368444503742e-14 1.141433775826487009e-15 -2.353118061311719312e-15 7.791402983612685357e-15 -4.980536615485969169e-15 1.826694032459635340e-15 -1.344823385590383710e-15 -4.765236421438640461e-16 -1.112528081260274860e-14 -1.725780804931786669e-15 -2.016201580095437789e-16
-1.068530959724339883e-16 -3.953334706270281248e-15 -1.094988516433576158e-15 1.213371576765293158e-15 -3.577484983507646147e-16 7.813210909971526697e-16 1.290903423739111656e-15 1.395611614915244308e-15 -7.372097490545843706e-16 -2.783766009238579029e-16 1.230627647281025921e-17 3.493004002457274731e-15 -4.648308313649739625e-16 2.191044788145828420e-16 1.658091668310989573e-16 1.714354931865500478e-15 2.044656900287558874e-16 -2.278195524962597579e-15 1.421497458113178760e-16 2.282558816857623439e-15 -4.529285410789782217e-16 -9.760389118857234583e-16 -3.110725111879360582e-16 -7.687931264771573728e-16 -2.203144558388355503e-16 2.944823011359792917e-15 -1.170172359514940483e-15 -3.952326924834537148e-16 -2.022164447957434500e-15 7.467501053990902898e-16 7.546756539788735572e-16 4.844695198302919828e-17 -1.933421005787455535e-15 1.151887496575297764e-16 -3.658421163200185625e-16 4.835170870211564485e-16 -1.436102927734310691e-15 -8.104068118843901522e-17 -5.844495549805081762e-16 6.169320893879915203e-17 3.123264812767232659e-15 2.619797998192807482e-16 -8.262735134951883354e-16 -1.539700764874571424e-16 2.098802930853150424e-18 -3.044529652340663760e-16 2.570480333592167619e-16 2.635844871267582193e-16 1.364112428350368735e-15 1.670102370568528335e-15 3.360374391987447597e-16 -1.167599243370910938e-15 4.742218894511189613e-16 -1.149902908152233725e-17 -2.019264720391690282e-15 5.206129093264908222e-17 -6.908183813810283887e-17 -7.836553777161219954e-17 -2.838230877049383533e-16 -1.015124361136776515e-16 2.006904744590337422e-17 -2.364858908818967184e-16 1.689901927813413198e-17 -7.749544653695876302e-17 6.292120557225540375e-17 -1.045608277592808829e-16 3.813648234473506591e-17 -1.058533434275113681e-17 2.905082058952414745e-17 1.698911833528374085e-17 -1.148528850710076379e-14 -2.993079170798316356e-17 -3.522178966689931321e-16 -6.059287232514922883e-15 2.449339415858729709e-15 2.277894979035841100e-15 -2.036286766350899049e-15 1.259513886503559024e-14 1.979902089387492209e-15 -2.426185906433162590e-16 -1.858325782977700574e-15 8.662512011126779586e-16 -1.477963574545484779e-15 7.047373953204810190e-16 -1.030942763638164412e-15 6.168097300086691944e-16 -4.727566751771863059e-15 1.351133065231050622e-15 1.085326851973444222e-15 1.062383063106850933e-15 6.393992630869780591e-15 8.268128421342470866e-15 -1.463600413602175437e-15 -1.554944077844148690e-15 5.309268013646056286e-17 1.351920341636082947e-15 1.040077546507514945e-15 1.087584576522880377e-15
6.657193700706377740e-16 3.191914534883455785e-14 4.738616548283161292e-15 6.190013088158196760e-15 6.810890413729233282e-16 5.291502052252799512e-15 -4.560873328838047811e-15 -6.537059286257290354e-15 -3.214485238139038437e-15 -8.693512158118490950e-16 -4.050162826970138114e-15 -4.648308313649739625e-16 1.523933764768724938e-13 -2.743654834759816387e-14 -7.671044305438874205e-15 7.689444364100210827e-15 4.700634942369936874e-15 6.018109602113226584e-16 3.971776492447889488e-16 5.904962933612772986e-15 7.024901258124158771e-16 -8.221897172875345406e-15 4.649559711176795301e-16 2.473771662025591732e-15 6.013430897934557255e-15 5.189312727388860355e-15 -4.008950837311152261e-15 3.249381667882459147e-15 -4.447861994489149549e-15 1.704148829810995145e-15 3.808298243052934595e-15 -1.414502765112059569e-16 -2.848809003950370257e-14 9.994889934743840497e-15 -1.024830264661458924e-14 -1.265918057898295105e-15 6.062106480542254361e-15 7.651021960323774814e-16 1.644522606151402121e-15 -3.591342833035821325e-16 1.478318993088758796e-14 -6.195391052918285692e-15 1.277068825551417201e-15 6.658001487432951403e-16 -6.628809995955108341e-16 1.188199021789320692e-14 -7.528937973709631812e-15 -7.735911755280134360e-15 4.391088707606975023e-15 2.229085601467249357e-14 -4.775817560597442242e-15 -1.472486367410658400e-15 6.163265187963422788e-15 -6.997918131358237107e-16 1.222865213567398780e-14 -9.278040158900803145e-16 -7.249685535819056615e-16 -7.374445287376279801e-16 9.219193099759834513e-16 1.037647374615883720e-16 -6.392032979603592180e-16 2.322038801833906736e-15 -3.459407341829723946e-16 -9.863462789171314470e-16 -4.701231367082646455e-16 3.605518453315762093e-16 2.282335053634373136e-16 5.927997204043772975e-18 -8.739040718753154382e-17 -1.363517783072183023e-15 -8.127831499672221574e-14 -1.529735196338648108e-16 -8.009553657475126121e-16 -2.704769249093234865e-15 8.423581862468608427e-15 -1.216698858713462170e-15 -3.942809011185298425e-14 -3.862136944187220987e-14 5.055600355070683007e-15 3.277872416969273426e-15 -3.964413655960996069e-15 -3.554814110697881501e-15 -1.237054294381366631e-14 3.460694249725076707e-15 -4.119139766704909221e-15 2.050712979596448583e-14 4.165691230176123282e-15 -2.070235797639095917e-14 -1.193818591235902620e-14 -8.799983414174864156e-16 2.952141235461527469e-15 -1.777304761849370795e-14 -1.343947010364841288e-15 2.559967587569599722e-15 1.454474777564407805e-15 4.013827941278549193e-14 -4.366261976500690208e-14 6.275354949904130125e-15
-4.467818530132804054e-17 -5.154180634728681893e-15 -2.996976675533893020e-15 -9.834618626610691366e-15 6.950956207190342848e-17 -6.599765442403208331e-15 2.188306298066253559e-15 1.045835090063761799e-15 -5.010388112553045173e-17 -2.370374892193133311e-15 1.859245384725006274e-15 2.191044788145828420e-16 -2.743654834759816387e-14 2.678757124278189956e-14 6.674264950373464506e-15 -1.701442067611424351e-15 5.911382951399877937e-16 2.528022681791409012e-17 3.183528925611725718e-16 -1.579330020815300529e-15 -1.604463690790498156e-15 5.087420625148273535e-15 1.474669606860120437e-15 -1.562446302140611984e-15 -5.193862886159626937e-16 -2.955883756596440628e-15 4.504802981152578843e-16 2.670280130639345782e-15 -1.283010864661219896e-15 1.813721821498171384e-15 -2.747732377558581350e-15 1.861697450849311291e-16 7.156531493171333726e-15 3.846173712385202260e-15 -1.860009595088915765e-15 -3.460810016402675470e-15 1.507662585004709555e-14 -2.412223030152254025e-16 -5.470329404100355014e-16 -5.255345657269393164e-16 1.466929831127953620e-14 -1.025748753391700936e-15 1.569170120835576651e-15 2.559906409487556916e-16 5.756330045644292669e-16 -2.476218477419288792e-16 -2.140228681046502790e-15 5.768094137376906008e-15 -2.222480564723446738e-15 -2.437959595153514258e-15 2.193051378786439415e-15 -1.113026950356180579e-14 -1.802735243030369184e-15 2.405144015136501668e-16 -1.025126037839435329e-14 -4.088875924055114868e-16 3.062504338572408748e-16 -1.787045053997584707e-16 -4.527134692855084444e-16 3.324386646078464987e-17 1.265457673653796817e-16 -9.367507698831375005e-16 2.573921053164512988e-16 -7.155602021066894080e-17 1.519016057949657470e-16 -9.617487441205225712e-17 -6.889919211849203104e-17 -2.712544900732837422e-17 -3.006303912527621665e-17 5.234331913305567252e-16 1.868191208247095405e-14 1.336981007714258270e-16 1.663006931654014263e-15 2.923547973849147703e-15 -6.424134309638370913e-15 7.286237716932406356e-16 -2.406186231642124065e-15 1.562322702519434318e-14 4.037875206734870128e-15 -8.492236964283419730e-16 8.790526845631368233e-15 -1.864556981198093367e-15 4.639259338084733773e-15 1.360370421333062890e-15 6.314303362043158677e-15 -4.263049033864006273e-15 2.837846664549511872e-15 1.623334294895695853e-14 2.611812699939667958e-15 -1.015375890514007068e-14 -2.258304106228527487e-14 9.544211250688844685e-15 -1.133150194922230470e-14 8.397935257630377221e-15 -1.162031398809924453e-15 -1.630641351411156119e-14 4.597239596535399548e-14 -1.139006292284654404e-15
-2.271161383891276762e-16 -4.038807549573217865e-15 -2.654603510481177487e-15 -3.725904825716339322e-15 -1.937796070163905348e-16 -2.479092392479644018e-15 1.471763205984326528e-15 1.220528808043312716e-15 -5.733072894264898746e-16 -5.334481230744272745e-16 -1.094677099755219814e-15 1.658091668310989573e-16 -7.671044305438874205e-15 6.674264950373464506e-15 1.665069549930008295e-14 -3.322337951863393429e-15 -1.990850559251249659e-16 -3.826446888200392476e-16 6.731770602144283310e-16 -5.810083210914517325e-16 -3.360388887779534799e-15 5.240455867642694204e-15 -6.447728570547634551e-16 -1.273692336506436364e-15 -4.822125060095706209e-16 -2.561771662717019096e-15 2.122393944651227870e-15 3.235013585709978984e-15 -1.277870256332064952e-15 2.358270961941922506e-15 -2.168919979539964475e-15 3.811521195887022259e-16 7.188646180588101788e-15 1.121205305499132793e-14 -1.761296028780791183e-15 -1.780779010041376048e-15 1.159949837075409535e-14 6.783021863863602265e-16 -1.010696312975296099e-16 -4.023806716662942455e-16 1.619127200148475272e-14 -1.212929379908116522e-15 2.841445884407414398e-15 3.798105529122785311e-16 -2.857242686495719985e-16 -2.028926147274964726e-15 -1.589234616156170466e-15 4.565358685866119512e-15 -3.047309908425464622e-15 -7.465872753063462700e-15 2.865716997304553104e-15 -4.626768282360332921e-15 -4.417524343318567485e-15 2.439444208341440049e-16 -1.112928557276337014e-14 -4.609640800126532847e-16 -2.085886523031258753e-17 -2.301097581290551396e-16 -3.297129406768626744e-16 3.928969930307715840e-16 4.808922968506386846e-16 -8.949984886246512096e-16 7.446975928397651628e-18 7.467405146931985955e-17 1.390646867696031835e-16 1.469985241469470588e-16 -5.354560128631084156e-17 -3.612614510315125351e-17 -6.689853690110902017e-17 -1.350368856927881882e-16 3.699396091374391212e-14 1.315191381886634671e-17 -4.563945601909500478e-15 9.083040017142063604e-15 1.512413350949150977e-15 -4.378635467776791687e-15 6.743210834899032136e-15 3.855701991689379110e-15 3.877477418216311852e-15 -2.017126510792166961e-15 2.381282929927690818e-15 5.347640061719432042e-16 4.251848249091114869e-15 6.491391498512933969e-16 1.229394375701877597e-15 -6.520136989703141415e-15 7.754548063387598986e-16 1.607521209636988297e-14 1.488951132026164839e-15 -3.626580826495141980e-15 -3.030634594065632344e-14 8.554031870911992962e-15 -1.405027406807807006e-14 8.122607430413091878e-15 -1.171563779209052124e-15 3.474972354114322478e-17 1.024684943551262445e-14 3.620116077919816745e-16
-1.234143368099460488e-15 -1.454948814108676636e-15 -1.510743967461466360e-15 2.347370169650966608e-15 -3.584627215518100858e-17 1.016454780316005162e-15 -2.660878822964312756e-16 9.702663086130686966e-16 1.099533396922248031e-16 1.708583464511041740e-15 -2.144926302393421542e-15 1.714354931865500478e-15 7.689444364100210827e-15 -1.701442067611424351e-15 -3.322337951863393429e-15 1.404785243314772465e-14 1.164922825227513686e-15 -2.269340157019821041e-15 -8.222532355481144202e-17 3.247430452148445235e-15 -8.794108332205126885e-16 -2.366246390343538277e-15 -6.715334077997097207e-16 -1.779406782999451055e-16 8.021873017908389374e-17 6.868126640001440908e-15 -6.963850826968257849e-16 9.637342289913462856e-17 -4.693437988814990863e-15 -7.845021388848272861e-17 2.173119562598646443e-15 1.323957640217176565e-16 -8.091200957184978296e-15 2.521798343333981756e-15 1.369317487787147925e-15 -3.917611111915592385e-16 2.001260749327088598e-15 1.144403614619506115e-15 2.191015067602459576e-16 7.963935918178697602e-17 4.044890799655783694e-15 1.990231763540781394e-16 -1.386625144085045890e-15 7.118643239663122720e-16 -2.886545327075757202e-16 3.053082965592406596e-17 -6.819954705508277927e-15 -1.702147950045922190e-15 2.720295107857730021e-15 1.108932888927020829e-14 1.417758940867132306e-16 -1.926680842741798319e-15 2.421805887989631755e-17 8.337962731448873713e-17 8.370166129200695755e-16 3.105191107953149855e-17 -2.265123331700587297e-16 -2.603280478287098907e-17 -2.590141231038698571e-16 3.257001837272316141e-16 1.596727930426813826e-16 -3.258143235758616901e-16 3.348297598230480992e-16 -4.250713645099528495e-17 6.580935233197682091e-18 -2.644554363615208239e-17 1.085800790579541933e-16 -3.934405364157793944e-17 5.795239184316338249e-18 -1.801417551770872027e-16 1.132205471887763728e-14 -1.048910323643637992e-16 4.353427684614950527e-15 -7.226557650293073717e-15 -7.931538229054393835e-17 2.945156448268698178e-15 2.985540739785612710e-15 2.945298185509379602e-15 2.694208425938359847e-15 2.187217060586468442e-16 -8.003305776072050384e-15 -5.419610787156325232e-16 -6.480127843695320541e-16 1.291121917922533636e-15 -3.820517777537217680e-15 3.385275260120548717e-15 -1.375716729774307679e-14 6.024807784359395030e-15 -2.850901120533527175e-16 3.924170061625159973e-15 1.992814191585643244e-14 6.616036535825334632e-15 3.257767148890373856e-15 -2.498155306898616235e-15 5.890171639759827867e-16 -2.076800226364762204e-15 -6.033895845357235316e-15 1.385759082729605487e-15
